3 12
0 0 48 54
49 0 48 39
98 0 60 66
159 0 57 72
217 0 57 39
275 0 51 72
327 0 57 66
385 0 63 54
449 0 54 48
504 0 84 90
589 0 60 60
650 0 51 51
702 0 57 39
760 0 60 66
821 0 51 54
873 0 54 42
928 0 51 51
980 0 45 45
1026 0 57 51
1084 0 63 51
1148 0 54 81
1203 0 78 60
1282 0 66 63
1349 0 48 45
1398 0 51 51
1450 0 45 45
1496 0 54 45
1551 0 51 51
1603 0 45 54
1649 0 66 63
1716 0 54 42
1771 0 81 78
1853 0 54 45
1908 0 54 60
1963 0 54 51
2018 0 57 57
2076 0 48 42
2125 0 54 81
2180 0 54 81
2235 0 60 66
2296 0 60 66
2357 0 78 75
2436 0 54 48
2491 0 54 42
2546 0 45 63
2592 0 42 57
2635 0 51 63
2687 0 48 72
2736 0 60 81
2797 0 81 75
2879 0 75 72
2955 0 54 69
3010 0 45 54
3056 0 45 51
3102 0 48 57
3151 0 42 42
3194 0 42 57
3237 0 54 60
3292 0 84 78
3377 0 57 57
3435 0 72 57
3508 0 54 45
3563 0 51 81
3615 0 81 78
3697 0 51 48
3749 0 51 60
3801 0 48 57
3850 0 48 57
3899 0 48 57
3948 0 54 51
4003 0 54 75
0 91 75 72
76 91 54 69
131 91 45 51
177 91 45 45
223 91 60 81
284 91 72 57
357 91 60 45
418 91 51 39
470 91 48 72
519 91 72 78
592 91 54 75
647 91 54 66
702 91 57 30
760 91 45 63
806 91 45 45
852 91 78 90
931 91 45 42
977 91 45 42
1023 91 51 54
1075 91 48 48
1124 91 60 72
1185 91 63 33
1249 91 75 57
1325 91 81 90
1407 91 51 63
1459 91 60 60
1520 91 60 51
1581 91 72 54
1654 91 54 51
1709 91 45 66
1755 91 75 81
1831 91 132 93
1964 91 60 45
2025 91 45 45
2071 91 72 87
2144 91 33 33
2178 91 36 42
2215 91 39 45
2255 91 54 63
2310 91 54 63
2365 91 57 54
2423 91 39 48
2463 91 45 42
2509 91 48 42
2558 91 51 51
2610 91 51 42
2662 91 48 45
2711 91 60 63
2772 91 51 42
2824 91 60 48
2885 91 45 45
2931 91 75 78
3007 91 51 42
3059 91 66 87
3126 91 51 48
3178 91 78 60
3257 91 54 45
3312 91 57 48
3370 91 63 87
3434 91 60 66
3495 91 60 48
3556 91 54 45
3611 91 45 45
3657 91 45 51
3703 91 48 54
3752 91 51 45
3804 91 63 48
3868 91 69 54
3938 91 57 75
3996 91 48 45
4045 91 48 45
0 185 45 54
46 185 69 60
116 185 81 69
198 185 78 75
277 185 63 60
341 185 54 63
396 185 54 54
451 185 54 48
506 185 51 60
558 185 75 66
634 185 129 117
764 185 51 63
816 185 69 87
886 185 51 48
938 185 78 93
1017 185 69 63
1087 185 51 30
1139 185 36 30
1176 185 63 60
1240 185 54 81
1295 185 54 81
1350 185 42 51
1393 185 42 39
1436 185 138 72
1575 185 156 60
1732 185 51 54
1784 185 75 90
1860 185 51 51
1912 185 78 54
1991 185 51 30
2043 185 75 57
2119 185 78 51
2198 185 66 69
2265 185 60 36
2326 185 63 87
2390 185 75 81
2466 185 51 54
2518 185 54 60
2573 185 63 63
2637 185 57 69
2695 185 183 45
2879 185 75 102
2955 185 54 33
3010 185 99 108
3110 185 96 90
3207 185 108 81
3316 185 75 87
3392 185 60 78
3453 185 72 87
3526 185 132 96
3659 185 45 60
3705 185 87 81
3793 185 54 54
3848 185 45 78
3894 185 51 90
3946 185 39 51
3986 185 51 66
0 303 99 108
100 303 57 66
158 303 45 57
204 303 42 66
247 303 48 78
296 303 48 78
345 303 60 57
406 303 51 45
458 303 48 60
