# BETA: AVE SANADORA (generado por tools/beta/build_beta_characters.py)
character ave_sanadora enemy 50
name AVE SANADORA
image 0 390
image 1 703
image 2 656
image 3 705
image 4 400
image 5 704
image 6 401
image 7 402
image 8 657
image 9 686
image 10 687
image 11 688
frame 0 5 -25 -140 25 0 0 0 0 0
piece 0 66 83 50 105 -36 -155 0
piece 0 31 84 33 41 -69 -154 0
piece 0 9 85 16 41 -8 -195 0
piece 0 21 127 45 53 -80 -205 0
piece 1 50 0 22 28 -15 -115 4
frame 1 5 -25 -140 25 0 0 0 0 0
piece 0 355 179 45 86 -31 -136 0
piece 0 323 181 30 27 -61 -133 0
piece 0 327 208 23 66 -14 -198 0
piece 0 284 179 39 76 -69 -206 0
piece 1 72 0 21 28 -15 -116 4
frame 2 5 -25 -140 25 0 0 0 0 0
piece 0 239 180 45 85 -31 -136 0
piece 0 205 209 33 67 -16 -199 0
piece 0 207 180 31 29 -61 -136 0
piece 0 163 193 42 72 -71 -205 0
piece 1 93 0 23 28 -16 -118 4
frame 3 4 -25 -140 25 0 0 0 0 0
piece 0 33 194 130 82 -87 -138 0
piece 0 13 189 20 42 26 -180 0
piece 0 0 232 32 43 -88 -180 0
piece 1 116 0 23 28 -16 -119 4
frame 4 2 -25 -140 25 0 0 0 0 0
piece 0 229 276 171 80 -99 -136 0
piece 1 139 0 22 28 -16 -119 4
frame 5 4 -25 -140 25 0 0 0 0 0
piece 0 138 276 91 80 -32 -137 0
piece 0 93 290 41 26 27 -71 0
piece 0 45 301 21 43 -21 -60 0
piece 1 0 30 22 27 -16 -119 4
frame 6 3 -25 -140 25 0 0 0 0 0
piece 0 119 161 32 26 17 -57 0
piece 0 324 0 76 85 -28 -139 0
piece 1 22 30 25 27 -17 -122 4
frame 7 2 -25 -140 25 0 0 0 0 0
piece 0 197 0 126 85 -60 -140 0
piece 1 47 30 24 27 -16 -120 4
frame 8 2 -25 -140 25 0 0 0 0 0
piece 0 55 0 142 83 -76 -141 0
piece 1 71 30 23 27 -16 -119 4
frame 9 4 -25 -140 25 0 0 0 0 0
piece 0 345 86 55 93 -42 -150 0
piece 0 0 38 55 45 -96 -162 0
piece 0 8 0 47 34 12 -157 0
piece 1 94 30 22 27 -16 -118 4
frame 10 4 -25 -140 25 0 0 0 0 0
piece 0 263 86 82 93 -66 -148 0
piece 0 216 86 47 32 -5 -178 0
piece 0 208 118 55 32 -91 -177 0
piece 1 116 30 23 28 -16 -117 4
frame 11 5 -25 -140 25 0 0 0 0 0
piece 0 153 85 54 107 -41 -160 0
piece 0 116 85 36 42 -77 -160 0
piece 0 121 127 27 32 -2 -192 0
piece 0 214 151 49 29 -89 -189 0
piece 1 139 30 22 28 -16 -116 4
frame 12 2 -25 -140 25 0 0 0 0 0
piece 2 0 92 92 160 -80 -211 0
piece 3 0 0 31 25 -29 -114 0
frame 13 2 -25 -140 25 0 0 0 0 0
piece 2 256 219 90 162 -72 -212 0
piece 3 148 28 30 23 -27 -109 0
frame 14 2 -25 -140 25 0 0 0 0 0
piece 2 162 228 94 154 -79 -206 0
piece 3 119 28 29 27 -26 -111 0
frame 15 2 -25 -140 25 0 0 0 0 0
piece 2 38 252 124 128 -84 -184 0
piece 3 92 28 25 27 -22 -113 0
frame 16 2 -25 -140 25 0 0 0 0 0
piece 2 180 390 166 94 -101 -150 0
piece 3 62 26 25 29 -22 -118 0
frame 17 2 -25 -140 25 0 0 0 0 0
piece 2 54 380 126 110 -76 -138 0
piece 3 40 28 16 17 -17 -120 0
frame 18 2 -25 -140 25 0 0 0 0 0
piece 2 258 0 88 112 -45 -140 0
piece 3 158 1 20 19 -19 -123 0
frame 19 2 -25 -140 25 0 0 0 0 0
piece 2 140 6 118 82 -72 -142 0
piece 3 122 0 31 28 -28 -122 0
frame 20 2 -25 -140 25 0 0 0 0 0
piece 2 0 0 140 90 -77 -153 0
piece 3 91 0 30 26 -28 -120 0
frame 21 2 -25 -140 25 0 0 0 0 0
piece 2 212 110 134 108 -84 -167 0
piece 3 62 0 29 26 -28 -118 0
frame 22 2 -25 -140 25 0 0 0 0 0
piece 2 92 88 120 140 -93 -195 0
piece 3 31 0 31 25 -30 -117 0
frame 23 2 -25 -140 25 0 0 0 0 0
piece 4 285 0 114 142 -91 -202 0
piece 5 49 37 26 30 -18 -119 4
frame 24 2 -25 -140 25 0 0 0 0 0
piece 4 149 0 136 122 -90 -168 0
piece 5 80 37 26 33 -12 -119 4
frame 25 2 -25 -140 25 0 0 0 0 0
piece 4 0 0 148 96 -69 -135 0
piece 5 106 38 29 32 -7 -122 4
frame 26 2 -25 -140 25 0 0 0 0 0
piece 4 278 142 122 114 -32 -133 0
piece 5 137 39 28 31 -5 -123 4
frame 27 2 -25 -140 25 0 0 0 0 0
piece 4 163 122 114 112 -19 -133 0
piece 5 165 39 31 31 -1 -125 4
frame 28 2 -25 -140 25 0 0 0 0 0
piece 4 298 256 102 82 -16 -132 0
piece 5 3 71 31 31 1 -125 4
frame 29 2 -25 -140 25 0 0 0 0 0
piece 4 162 234 116 105 -27 -138 0
piece 5 73 72 28 33 -5 -116 4
frame 30 2 -25 -140 25 0 0 0 0 0
piece 4 19 187 144 108 -73 -154 0
piece 5 104 72 26 34 -12 -113 4
frame 31 3 -25 -140 25 0 0 0 0 0
piece 4 256 338 144 65 -102 -179 0
piece 4 173 339 68 64 -48 -114 0
piece 5 165 74 25 31 -19 -114 4
frame 32 7 -25 -140 25 0 0 0 0 0
piece 6 56 0 52 89 -32 -137 0
piece 6 0 1 54 37 -86 -136 0
piece 6 0 38 42 59 -97 -195 0
piece 6 42 68 12 29 -55 -165 0
piece 6 358 78 42 53 -44 -188 0
piece 6 43 40 11 28 -54 -193 0
piece 5 64 108 25 32 -18 -120 0
frame 33 5 -25 -140 25 0 0 0 0 0
piece 6 351 0 49 78 -32 -133 0
piece 6 315 0 35 28 -67 -133 0
piece 6 249 0 64 70 -93 -200 0
piece 6 319 28 32 64 -10 -196 0
piece 5 49 37 26 30 -19 -116 4
frame 34 5 -25 -140 25 0 0 0 0 0
piece 6 209 0 40 91 -31 -137 0
piece 6 170 0 37 36 -68 -137 0
piece 6 108 0 62 77 -95 -212 0
piece 6 170 36 37 72 -35 -208 0
piece 5 35 108 25 32 -21 -119 0
frame 35 4 -25 -140 25 0 0 0 0 0
piece 6 248 94 104 89 -70 -141 0
piece 6 179 109 67 47 -136 -141 0
piece 6 353 131 47 54 -62 -192 0
piece 5 94 108 27 30 -21 -122 0
frame 36 5 -25 -140 25 0 0 0 0 0
piece 6 87 99 83 78 -38 -139 0
piece 6 0 110 86 38 -123 -128 0
piece 6 178 158 25 31 -34 -167 0
piece 6 214 156 28 37 -40 -202 0
piece 5 124 110 28 28 -18 -128 0
frame 37 3 -25 -140 25 0 0 0 0 0
piece 6 234 193 166 70 -120 -140 0
piece 6 189 193 45 71 -61 -209 0
piece 5 156 108 31 24 -20 -134 0
frame 38 4 -25 -140 25 0 0 0 0 0
piece 6 87 188 102 76 -57 -142 0
piece 6 56 206 28 58 -84 -100 0
piece 6 56 148 29 57 -32 -199 0
piece 5 0 140 30 25 -21 -134 0
frame 39 4 -25 -140 25 0 0 0 0 0
piece 6 308 263 92 37 -48 -131 0
piece 6 0 199 56 63 -45 -95 0
piece 6 14 148 41 48 -41 -178 0
piece 5 67 140 32 26 -24 -124 0
frame 40 4 -25 -140 25 0 0 0 0 0
piece 6 308 301 92 44 -53 -125 0
piece 6 253 263 54 48 -37 -173 0
piece 6 223 312 84 32 -41 -82 0
piece 5 101 141 30 26 -30 -111 0
frame 41 3 -25 -140 25 0 0 0 0 0
piece 6 108 265 97 62 -52 -115 0
piece 6 205 267 45 38 -44 -153 0
piece 5 135 140 30 27 -32 -92 0
frame 42 4 -25 -140 25 0 0 0 0 0
piece 6 16 265 91 63 -54 -97 0
piece 6 2 265 12 23 18 -120 0
piece 6 365 345 35 52 -33 -148 0
piece 5 172 142 25 25 -33 -71 0
frame 43 2 -25 -140 25 0 0 0 0 0
piece 6 281 345 84 121 -55 -134 0
piece 5 2 169 24 25 -41 -50 0
frame 44 2 -25 -140 25 0 0 0 0 0
piece 6 202 345 79 109 -62 -92 0
piece 5 30 168 30 26 -49 -22 0
frame 45 3 -25 -140 25 0 0 0 0 0
piece 6 89 329 114 83 -66 -72 0
piece 6 55 328 29 35 -52 -105 0
piece 5 65 168 30 26 -45 -27 0
frame 46 3 -25 -140 25 0 0 0 0 0
piece 6 72 414 128 66 -73 -44 0
piece 6 18 329 36 61 -73 -105 0
piece 5 98 170 36 24 -47 -17 0
frame 47 3 -25 -140 25 0 0 0 0 0
piece 6 277 468 123 51 -71 -38 0
piece 6 15 392 32 35 -64 -73 0
piece 5 137 170 36 24 -47 -23 0
frame 48 3 -25 -140 25 0 0 0 0 0
piece 6 201 460 73 59 -68 -31 0
piece 6 17 462 55 57 5 -32 0
piece 5 137 170 36 24 -46 -15 0
frame 49 3 -25 -140 25 0 0 0 0 0
piece 7 39 0 116 64 -53 -53 0
piece 7 8 30 24 20 -50 11 0
piece 1 25 0 25 28 -13 -33 4
frame 50 3 -25 -140 25 0 0 0 0 0
piece 7 155 0 130 63 -68 -52 0
piece 7 0 12 41 8 -66 11 0
piece 1 25 0 25 28 -13 -33 4
frame 51 4 -25 -140 25 0 0 0 0 0
piece 7 346 63 54 88 -32 -77 0
piece 7 295 63 50 45 -82 -77 0
piece 7 298 108 48 30 21 -80 0
piece 1 25 0 25 28 -13 -33 4
frame 52 4 -25 -140 25 0 0 0 0 0
piece 7 224 65 71 65 -50 -54 0
piece 7 134 65 56 57 -78 -109 0
piece 7 196 64 28 60 1 -112 0
piece 1 25 0 25 28 -13 -32 4
frame 53 4 -25 -140 25 0 0 0 0 0
piece 7 75 65 59 57 -38 -44 0
piece 7 6 64 41 78 -58 -121 0
piece 7 50 64 25 76 -15 -119 0
piece 1 25 0 25 28 -13 -31 4
frame 54 5 -25 -140 25 0 0 0 0 0
piece 7 339 151 61 77 -42 -78 0
piece 7 298 153 39 27 -81 -76 0
piece 7 296 180 43 45 -81 -121 0
piece 7 268 130 28 67 18 -116 0
piece 1 25 0 25 28 -13 -59 4
frame 55 2 -25 -140 25 0 0 0 0 0
piece 7 101 130 165 77 -93 -101 0
piece 1 25 0 25 28 -15 -80 4
frame 56 2 -25 -140 25 0 0 0 0 0
piece 7 0 142 101 111 -61 -126 0
piece 1 25 0 25 28 -14 -107 4
frame 57 4 -25 -140 25 0 0 0 0 0
piece 7 237 208 50 45 -35 -140 0
piece 7 175 209 52 44 -37 -97 0
piece 7 128 209 45 34 -34 -56 0
piece 1 25 0 25 28 -20 -122 4
frame 58 1 -25 -140 25 0 0 0 0 0
piece 0 104 331 27 25 -13 -12 0
frame 59 3 -25 -140 25 0 0 0 0 0
piece 8 276 0 124 116 -84 -195 0
piece 5 0 0 35 28 -29 -132 0
piece 9 185 0 214 118 -115 -168 0
frame 60 3 -25 -140 25 0 0 0 0 0
piece 8 121 0 148 72 -86 -158 0
piece 5 40 1 35 27 -31 -132 0
piece 9 150 126 250 122 -138 -174 0
frame 61 3 -25 -140 25 0 0 0 0 0
piece 8 0 0 120 82 -65 -147 0
piece 5 77 2 22 25 -16 -129 0
piece 9 139 253 260 132 -138 -184 0
frame 62 2 -25 -140 25 0 0 0 0 0
piece 8 312 116 88 112 -63 -142 0
piece 9 129 384 266 158 -137 -182 0
frame 63 4 -25 -140 25 0 -295 -180 295 120
piece 8 195 84 82 112 -64 -140 0
piece 9 0 280 140 130 22 -176 0
piece 9 0 411 126 132 -96 -175 0
piece 9 337 546 63 54 -159 -129 0
frame 64 3 -25 -140 25 0 0 0 0 0
piece 8 55 81 124 94 -71 -143 0
piece 5 141 1 31 29 -30 -125 0
piece 10 0 142 362 142 -168 -177 0
frame 65 3 -25 -140 25 0 0 0 0 0
piece 8 181 196 148 84 -78 -164 0
piece 5 176 1 29 31 -24 -131 0
piece 10 0 420 360 128 -192 -175 0
frame 66 3 -25 -140 25 0 0 0 0 0
piece 8 1 173 168 102 -98 -176 0
piece 5 5 32 30 31 -25 -133 0
piece 11 0 0 334 114 -175 -171 0
frame 67 2 -8 -16 8 0 0 0 0 0
piece 4 285 0 114 142 -91 -202 0
piece 5 49 37 26 30 -18 -119 4
clip idle 1 12 0:0.0667 1:0.0667 2:0.0667 3:0.0667 4:0.0667 5:0.0667 6:0.0667 7:0.0667 8:0.0667 9:0.0667 10:0.0667 11:0.0667
clip walk 1 11 12:0.0333 13:0.0333 14:0.0333 15:0.0333 16:0.0333 17:0.0333 18:0.0333 19:0.0333 20:0.0333 21:0.0333 22:0.0333
clip run 1 11 12:0.0333 13:0.0333 14:0.0333 15:0.0333 16:0.0333 17:0.0333 18:0.0333 19:0.0333 20:0.0333 21:0.0333 22:0.0333
clip dash 1 11 12:0.0333 13:0.0333 14:0.0333 15:0.0333 16:0.0333 17:0.0333 18:0.0333 19:0.0333 20:0.0333 21:0.0333 22:0.0333
clip hit 0 9 23:0.0667 24:0.0667 25:0.0667 26:0.0667 27:0.0667 28:0.0667 29:0.0667 30:0.0667 31:0.0667
clip hit_high 0 9 23:0.0667 24:0.0667 25:0.0667 26:0.0667 27:0.0667 28:0.0667 29:0.0667 30:0.0667 31:0.0667
clip hit_low 0 9 23:0.0667 24:0.0667 25:0.0667 26:0.0667 27:0.0667 28:0.0667 29:0.0667 30:0.0667 31:0.0667
clip recovery 0 9 23:0.0667 24:0.0667 25:0.0667 26:0.0667 27:0.0667 28:0.0667 29:0.0667 30:0.0667 31:0.0667
clip airborne 0 1 32:0.0333
clip air 0 1 32:0.0333
clip knockdown 0 17 33:0.0333 34:0.0333 32:0.0333 35:0.0333 36:0.0333 37:0.0333 38:0.0333 39:0.0333 40:0.0333 41:0.0333 42:0.0333 43:0.0333 44:0.0333 45:0.0333 46:0.0333 47:0.0333 48:0.0333
clip getup 0 9 49:0.0667 50:0.0667 51:0.0667 52:0.0667 53:0.0667 54:0.0667 55:0.0667 56:0.0667 57:0.0667
clip defeat 0 3 48:0.0333 48:0.0333 48:0.2333
clip victory 1 12 0:0.0667 1:0.0667 2:0.0667 3:0.0667 4:0.0667 5:0.0667 6:0.0667 7:0.0667 8:0.0667 9:0.0667 10:0.0667 11:0.0667
clip intro 0 7 10:0.0667 58:0.0667 10:0.0667 58:0.0667 10:0.0667 58:0.0667 10:0.0667
clip punch1 0 33 21:0.0333 59:0.0667 60:0.0667 61:0.0667 62:0.0667 63:0.0667 64:0.0667 65:0.0667 66:0.0667 59:0.0667 60:0.0667 61:0.0667 62:0.0667 63:0.0667 64:0.0667 65:0.0667 66:0.0667 59:0.0667 60:0.0667 61:0.0667 62:0.0667 63:0.0667 64:0.0667 65:0.0667 66:0.0667 59:0.0667 60:0.0667 61:0.0667 62:0.0667 63:0.0667 64:0.0667 65:0.0667 21:0.0333
clip kick 0 33 21:0.0333 59:0.0667 60:0.0667 61:0.0667 62:0.0667 63:0.0667 64:0.0667 65:0.0667 66:0.0667 59:0.0667 60:0.0667 61:0.0667 62:0.0667 63:0.0667 64:0.0667 65:0.0667 66:0.0667 59:0.0667 60:0.0667 61:0.0667 62:0.0667 63:0.0667 64:0.0667 65:0.0667 66:0.0667 59:0.0667 60:0.0667 61:0.0667 62:0.0667 63:0.0667 64:0.0667 65:0.0667 21:0.0333
clip special 0 2 67:0.0667 9:0.0333
clip punch2 0 33 21:0.0333 59:0.0667 60:0.0667 61:0.0667 62:0.0667 63:0.0667 64:0.0667 65:0.0667 66:0.0667 59:0.0667 60:0.0667 61:0.0667 62:0.0667 63:0.0667 64:0.0667 65:0.0667 66:0.0667 59:0.0667 60:0.0667 61:0.0667 62:0.0667 63:0.0667 64:0.0667 65:0.0667 66:0.0667 59:0.0667 60:0.0667 61:0.0667 62:0.0667 63:0.0667 64:0.0667 65:0.0667 21:0.0333
clip punch3 0 33 21:0.0333 59:0.0667 60:0.0667 61:0.0667 62:0.0667 63:0.0667 64:0.0667 65:0.0667 66:0.0667 59:0.0667 60:0.0667 61:0.0667 62:0.0667 63:0.0667 64:0.0667 65:0.0667 66:0.0667 59:0.0667 60:0.0667 61:0.0667 62:0.0667 63:0.0667 64:0.0667 65:0.0667 66:0.0667 59:0.0667 60:0.0667 61:0.0667 62:0.0667 63:0.0667 64:0.0667 65:0.0667 21:0.0333
clip atk1 0 33 21:0.0333 59:0.0667 60:0.0667 61:0.0667 62:0.0667 63:0.0667 64:0.0667 65:0.0667 66:0.0667 59:0.0667 60:0.0667 61:0.0667 62:0.0667 63:0.0667 64:0.0667 65:0.0667 66:0.0667 59:0.0667 60:0.0667 61:0.0667 62:0.0667 63:0.0667 64:0.0667 65:0.0667 66:0.0667 59:0.0667 60:0.0667 61:0.0667 62:0.0667 63:0.0667 64:0.0667 65:0.0667 21:0.0333
clip atk2 0 33 21:0.0333 59:0.0667 60:0.0667 61:0.0667 62:0.0667 63:0.0667 64:0.0667 65:0.0667 66:0.0667 59:0.0667 60:0.0667 61:0.0667 62:0.0667 63:0.0667 64:0.0667 65:0.0667 66:0.0667 59:0.0667 60:0.0667 61:0.0667 62:0.0667 63:0.0667 64:0.0667 65:0.0667 66:0.0667 59:0.0667 60:0.0667 61:0.0667 62:0.0667 63:0.0667 64:0.0667 65:0.0667 21:0.0333
clip atk3 0 33 21:0.0333 59:0.0667 60:0.0667 61:0.0667 62:0.0667 63:0.0667 64:0.0667 65:0.0667 66:0.0667 59:0.0667 60:0.0667 61:0.0667 62:0.0667 63:0.0667 64:0.0667 65:0.0667 66:0.0667 59:0.0667 60:0.0667 61:0.0667 62:0.0667 63:0.0667 64:0.0667 65:0.0667 66:0.0667 59:0.0667 60:0.0667 61:0.0667 62:0.0667 63:0.0667 64:0.0667 65:0.0667 21:0.0333
clip atk4 0 33 21:0.0333 59:0.0667 60:0.0667 61:0.0667 62:0.0667 63:0.0667 64:0.0667 65:0.0667 66:0.0667 59:0.0667 60:0.0667 61:0.0667 62:0.0667 63:0.0667 64:0.0667 65:0.0667 66:0.0667 59:0.0667 60:0.0667 61:0.0667 62:0.0667 63:0.0667 64:0.0667 65:0.0667 66:0.0667 59:0.0667 60:0.0667 61:0.0667 62:0.0667 63:0.0667 64:0.0667 65:0.0667 21:0.0333
clip energy 0 2 67:0.0667 9:0.0333
clip dash_attack 0 2 67:0.0667 9:0.0333
clip rage_attack 0 2 67:0.0667 9:0.0333
clip finisher 0 2 67:0.0667 9:0.0333
clip super 0 2 67:0.0667 9:0.0333
clip block 1 12 0:0.0667 1:0.0667 2:0.0667 3:0.0667 4:0.0667 5:0.0667 6:0.0667 7:0.0667 8:0.0667 9:0.0667 10:0.0667 11:0.0667
ability punch1 ATAQUE
ability kick ATAQUE 2
ability special TECNICA
sound hurt sound67
sound die sound66
