# BETA: BESTIA ELEFANTE (generado por tools/beta/build_beta_characters.py)
character bestia_elefante enemy 120
name BESTIA ELEFANTE
image 0 658
image 1 663
image 2 664
image 3 660
image 4 661
image 5 662
image 6 672
image 7 673
image 8 675
image 9 629
image 10 630
image 11 674
image 12 631
image 13 632
image 14 633
image 15 634
frame 0 1 -35 -144 35 7 0 0 0 0
piece 0 155 0 154 156 -73 -144 0
frame 1 2 -35 -144 35 7 0 0 0 0
piece 0 0 462 150 82 -82 -69 0
piece 0 165 462 144 78 -64 -142 0
frame 2 1 -35 -144 35 7 0 0 0 0
piece 0 0 308 150 154 -73 -142 0
frame 3 1 -35 -144 35 7 0 0 0 0
piece 0 150 309 159 153 -72 -140 0
frame 4 1 -35 -144 35 7 0 0 0 0
piece 0 0 156 156 152 -77 -140 0
frame 5 1 -35 -144 35 7 0 0 0 0
piece 0 156 156 153 153 -73 -141 0
frame 6 1 -35 -144 35 7 0 0 0 0
piece 0 0 0 155 156 -77 -143 0
frame 7 1 -35 -144 35 7 0 0 0 0
piece 1 193 0 207 152 -59 -143 0
frame 8 1 -35 -144 35 7 0 0 0 0
piece 1 0 0 193 153 -52 -145 0
frame 9 1 -35 -144 35 7 0 0 0 0
piece 1 239 152 161 156 -36 -147 0
frame 10 1 -35 -144 35 7 0 0 0 0
piece 1 84 154 154 156 -41 -147 0
frame 11 2 -35 -144 35 7 0 0 0 0
piece 1 2 153 81 144 22 -149 0
piece 1 328 309 72 157 -49 -147 0
frame 12 1 -35 -144 35 7 0 0 0 0
piece 1 181 309 145 156 -57 -147 0
frame 13 1 -35 -144 35 7 0 0 0 0
piece 1 25 311 155 152 -68 -145 0
frame 14 2 -35 -144 35 7 0 0 0 0
piece 1 254 468 146 132 -60 -142 0
piece 1 150 468 92 18 -39 -11 0
frame 15 3 -35 -144 35 7 0 0 0 0
piece 1 87 488 154 112 -57 -144 0
piece 1 1 517 81 41 -36 -33 0
piece 1 45 488 38 22 45 -36 0
frame 16 1 -35 -144 35 7 0 0 0 0
piece 2 246 0 154 157 -48 -148 0
frame 17 1 -35 -144 35 7 0 0 0 0
piece 2 86 0 160 160 -44 -151 0
frame 18 2 -35 -144 35 7 0 0 0 0
piece 2 2 5 84 139 40 -145 0
piece 2 321 157 79 159 -37 -148 0
frame 19 2 -35 -144 35 7 0 0 0 0
piece 2 218 161 103 155 -40 -144 0
piece 2 36 160 71 73 62 -81 0
frame 20 2 -35 -144 35 7 0 0 0 0
piece 2 107 160 111 156 -49 -144 0
piece 2 24 233 81 73 61 -80 0
frame 21 5 -35 -144 35 7 0 0 0 0
piece 3 44 475 119 125 -41 -142 0
piece 3 1 509 31 91 -72 -126 0
piece 3 2 453 55 20 11 -18 0
piece 3 6 478 29 28 -45 -18 0
piece 3 59 423 25 26 -16 -18 0
frame 22 1 -35 -144 35 7 0 0 0 0
piece 3 249 0 151 168 -100 -155 0
frame 23 1 -35 -144 35 7 0 0 0 0
piece 3 83 0 166 164 -137 -151 0
frame 24 2 -35 -144 35 7 0 0 0 0
piece 3 0 0 83 161 -45 -147 0
piece 3 308 168 92 130 -134 -143 0
frame 25 2 -35 -144 35 7 0 0 0 0
piece 3 157 168 151 153 -128 -140 0
piece 3 100 166 47 32 22 -128 0
frame 26 3 -35 -144 35 7 0 0 0 0
piece 3 186 322 141 122 -107 -142 0
piece 3 93 288 64 30 -43 -20 0
piece 3 100 198 42 30 34 -108 0
frame 27 3 -35 -144 35 7 0 0 0 0
piece 3 84 321 101 154 -50 -144 0
piece 3 105 253 41 33 51 -99 0
piece 3 48 321 36 102 -86 -144 0
frame 28 2 -35 -144 35 7 0 0 0 0
piece 3 4 313 43 69 38 -107 0
piece 3 281 445 119 155 -75 -144 0
frame 29 3 -35 -144 35 7 0 0 0 0
piece 3 186 444 92 156 -47 -142 0
piece 3 163 475 21 82 -68 -129 0
piece 3 4 382 43 70 39 -95 0
frame 30 2 -35 -144 35 7 0 0 0 0
piece 4 105 0 152 167 -94 -173 0
piece 4 368 290 31 17 -40 -6 0
frame 31 3 -35 -144 35 7 0 0 0 0
piece 4 0 0 105 168 -54 -187 0
piece 4 370 167 30 114 -80 -151 0
piece 4 173 297 33 20 -10 -20 0
frame 32 4 -35 -144 35 7 0 0 0 0
piece 4 0 171 102 151 -92 -150 0
piece 4 104 167 64 116 10 -154 0
piece 4 104 285 33 32 10 -38 0
piece 4 145 285 12 27 74 -109 0
frame 33 2 -35 -144 35 7 0 0 0 0
piece 4 222 321 178 129 -93 -140 0
piece 4 251 450 91 24 -64 -11 0
frame 34 3 -35 -144 35 7 0 0 0 0
piece 4 256 477 144 123 -39 -68 0
piece 4 203 466 52 104 -91 -69 0
piece 4 239 576 13 18 -59 -87 0
frame 35 2 -35 -144 35 7 0 0 0 0
piece 4 6 468 194 132 -93 -67 0
piece 4 229 582 6 12 -49 -79 0
frame 36 2 -35 -144 35 7 0 0 0 0
piece 4 6 468 194 132 -102 -70 0
piece 4 229 582 6 12 -58 -82 0
frame 37 2 -35 -144 35 7 0 0 0 0
piece 4 6 468 194 132 -105 -67 0
piece 4 229 582 6 12 -61 -79 0
frame 38 1 -35 -144 35 7 0 0 0 0
piece 5 73 0 132 122 -60 -102 0
frame 39 2 -35 -144 35 7 0 0 0 0
piece 5 0 0 70 125 19 -99 0
piece 5 333 116 67 115 -46 -98 0
frame 40 1 -35 -144 35 7 0 0 0 0
piece 5 186 117 147 129 -46 -101 0
frame 41 1 -35 -144 35 7 0 0 0 0
piece 5 43 123 143 136 -64 -125 0
frame 42 3 -35 -144 35 7 0 0 0 0
piece 5 283 244 117 99 -85 -148 0
piece 5 0 125 43 76 29 -121 0
piece 5 153 261 129 63 -74 -52 0
frame 43 1 -35 -144 35 7 0 0 0 0
piece 6 345 542 55 58 -28 -36 0
frame 44 1 -35 -144 35 7 0 0 0 0
piece 6 116 0 140 156 -48 -137 0
frame 45 2 -35 -144 35 7 0 0 0 0
piece 6 8 1 108 146 10 -133 0
piece 6 339 160 61 144 -49 -128 0
frame 46 1 -35 -144 35 7 0 0 0 0
piece 6 159 160 182 142 -47 -128 0
frame 47 2 -35 -144 35 7 0 0 0 0
piece 6 375 301 25 135 -51 -43 0
piece 6 0 157 160 144 -27 -129 0
frame 48 1 -35 -144 35 7 0 0 0 0
piece 6 205 304 170 142 -46 -129 0
frame 49 1 -35 -144 35 7 0 0 0 0
piece 6 24 306 181 153 -50 -139 0
frame 50 2 -35 -144 35 7 0 0 0 0
piece 6 338 450 62 84 7 -222 0
piece 6 211 446 126 154 -48 -142 0
frame 51 3 -35 -144 35 7 0 0 0 0
piece 6 19 549 46 50 -4 -172 0
piece 6 0 460 88 88 -87 -207 0
piece 6 89 459 122 140 -48 -126 0
frame 52 1 -35 -144 35 7 0 0 0 0
piece 7 198 51 202 176 -134 -157 0
frame 53 1 -35 -144 35 7 0 0 0 0
piece 7 0 45 194 174 -130 -157 0
frame 54 2 -35 -144 35 7 0 0 0 0
piece 8 0 0 178 188 -86 -165 0
piece 9 256 0 144 174 -160 -174 0
frame 55 4 -35 -144 35 7 0 -145 230 5
piece 8 171 144 86 64 124 -65 0
piece 8 180 0 184 144 -50 -129 0
piece 9 0 0 256 250 -23 -272 0
piece 9 300 175 100 164 -123 -204 0
frame 56 4 -35 -144 35 7 0 0 0 0
piece 8 180 275 26 40 131 -40 0
piece 8 0 196 180 144 -49 -119 0
piece 9 0 257 268 244 -114 -256 0
piece 9 306 341 94 240 143 -245 0
frame 57 3 -35 -144 35 7 0 0 0 0
piece 8 206 206 168 148 -51 -122 0
piece 10 5 0 256 188 -144 -264 0
piece 10 268 4 132 262 107 -260 0
frame 58 4 -35 -144 35 7 0 0 0 0
piece 11 127 308 88 140 -50 -127 0
piece 11 215 306 82 138 38 -129 0
piece 10 1 189 230 132 -76 -225 0
piece 10 314 276 86 214 152 -210 0
frame 59 3 -35 -144 35 7 0 0 0 0
piece 11 1 308 126 148 -19 -135 0
piece 11 366 437 34 144 -52 -122 0
piece 10 2 329 306 224 -41 -230 0
frame 60 1 -35 -144 35 7 0 0 0 0
piece 7 235 234 164 188 -68 -210 0
frame 61 5 -35 -144 35 7 0 -122 290 23
piece 7 117 222 118 74 128 -27 0
piece 7 0 296 200 150 -53 -118 0
piece 12 0 0 400 426 -1 -335 0
piece 12 18 429 140 84 -140 -265 0
piece 12 186 427 212 98 -190 -184 0
frame 62 4 -35 -144 35 7 0 0 0 0
piece 13 0 192 400 276 -1 -152 0
piece 7 0 219 100 70 143 -26 0
piece 7 200 434 200 166 -51 -125 0
piece 13 2 0 384 184 -75 -335 0
frame 63 5 -35 -144 35 7 0 0 0 0
piece 14 0 0 332 294 68 -193 0
piece 11 362 4 38 106 128 -59 0
piece 7 0 455 186 144 -54 -115 0
piece 11 288 0 72 74 164 -27 0
piece 14 336 0 64 142 182 -335 0
frame 64 4 -35 -144 35 7 0 0 0 0
piece 14 0 309 344 264 55 -186 0
piece 11 280 74 82 76 134 -28 0
piece 11 86 0 194 160 -57 -119 0
piece 14 340 300 60 150 181 -335 0
frame 65 5 -35 -144 35 7 0 0 0 0
piece 15 0 0 288 180 78 -106 0
piece 11 0 0 86 154 33 -124 0
piece 11 310 153 90 138 -56 -121 0
piece 11 271 208 38 72 114 -39 0
piece 11 279 170 30 30 147 -11 0
frame 66 2 -35 -144 35 7 0 0 0 0
piece 15 0 180 288 126 78 -44 0
piece 11 86 161 186 146 -50 -126 0
frame 67 3 -35 -144 35 7 0 0 0 0
piece 11 0 163 84 142 45 -126 0
piece 11 300 291 100 146 -54 -129 0
piece 15 93 308 102 34 164 -8 0
frame 68 2 -35 -144 35 7 0 0 0 0
piece 11 127 308 88 140 -50 -127 0
piece 11 215 306 82 138 38 -129 0
frame 69 2 -35 -144 35 7 0 0 0 0
piece 11 1 308 126 148 -19 -135 0
piece 11 366 437 34 144 -52 -122 0
frame 70 1 -35 -144 35 7 0 0 0 0
piece 11 213 448 150 152 -62 -140 0
clip idle 1 7 0:0.0667 1:0.0667 2:0.0667 3:0.0667 4:0.0667 5:0.0667 6:0.0667
clip walk 1 14 7:0.0667 8:0.0667 9:0.0667 10:0.0667 11:0.0667 12:0.0667 13:0.0667 14:0.0667 15:0.0667 16:0.0667 17:0.0667 18:0.0667 19:0.0667 20:0.0667
clip run 1 14 7:0.0667 8:0.0667 9:0.0667 10:0.0667 11:0.0667 12:0.0667 13:0.0667 14:0.0667 15:0.0667 16:0.0667 17:0.0667 18:0.0667 19:0.0667 20:0.0667
clip dash 1 14 7:0.0667 8:0.0667 9:0.0667 10:0.0667 11:0.0667 12:0.0667 13:0.0667 14:0.0667 15:0.0667 16:0.0667 17:0.0667 18:0.0667 19:0.0667 20:0.0667
clip hit 0 9 21:0.0667 22:0.0667 23:0.0667 24:0.0667 25:0.0667 26:0.0667 27:0.0667 28:0.0667 29:0.0667
clip hit_high 0 9 21:0.0667 22:0.0667 23:0.0667 24:0.0667 25:0.0667 26:0.0667 27:0.0667 28:0.0667 29:0.0667
clip hit_low 0 9 21:0.0667 22:0.0667 23:0.0667 24:0.0667 25:0.0667 26:0.0667 27:0.0667 28:0.0667 29:0.0667
clip recovery 0 9 21:0.0667 22:0.0667 23:0.0667 24:0.0667 25:0.0667 26:0.0667 27:0.0667 28:0.0667 29:0.0667
clip airborne 0 1 30:0.0333
clip air 0 1 30:0.0333
clip knockdown 0 10 21:0.0667 22:0.0667 23:0.0667 31:0.0667 32:0.0667 33:0.0667 34:0.0667 35:0.0667 36:0.0667 37:0.0667
clip getup 0 6 38:0.0667 39:0.0667 40:0.0667 41:0.0667 42:0.0667 0:0.0667
clip defeat 0 3 37:0.0333 37:0.0333 37:0.2333
clip victory 1 7 0:0.0667 1:0.0667 2:0.0667 3:0.0667 4:0.0667 5:0.0667 6:0.0667
clip intro 0 1 43:0.0333
clip punch1 0 36 0:0.0667 44:0.0667 45:0.0667 46:0.0667 47:0.0667 48:0.0667 49:0.0667 50:0.0667 51:0.0667 52:0.0667 53:0.0667 54:0.0667 55:0.1000 56:0.0667 57:0.0667 58:0.0333 59:0.0667 44:0.0667 45:0.0667 49:0.0667 50:0.0667 51:0.0667 52:0.0667 53:0.0667 60:0.0667 61:0.1000 62:0.0667 63:0.0667 64:0.0667 65:0.0667 66:0.0667 67:0.0667 68:0.0667 69:0.0667 70:0.0667 0:0.0667
clip kick 0 36 0:0.0667 44:0.0667 45:0.0667 46:0.0667 47:0.0667 48:0.0667 49:0.0667 50:0.0667 51:0.0667 52:0.0667 53:0.0667 54:0.0667 55:0.1000 56:0.0667 57:0.0667 58:0.0333 59:0.0667 44:0.0667 45:0.0667 49:0.0667 50:0.0667 51:0.0667 52:0.0667 53:0.0667 60:0.0667 61:0.1000 62:0.0667 63:0.0667 64:0.0667 65:0.0667 66:0.0667 67:0.0667 68:0.0667 69:0.0667 70:0.0667 0:0.0667
clip special 0 3 0:0.0333 0:0.0333 0:0.0333
clip punch2 0 36 0:0.0667 44:0.0667 45:0.0667 46:0.0667 47:0.0667 48:0.0667 49:0.0667 50:0.0667 51:0.0667 52:0.0667 53:0.0667 54:0.0667 55:0.1000 56:0.0667 57:0.0667 58:0.0333 59:0.0667 44:0.0667 45:0.0667 49:0.0667 50:0.0667 51:0.0667 52:0.0667 53:0.0667 60:0.0667 61:0.1000 62:0.0667 63:0.0667 64:0.0667 65:0.0667 66:0.0667 67:0.0667 68:0.0667 69:0.0667 70:0.0667 0:0.0667
clip punch3 0 36 0:0.0667 44:0.0667 45:0.0667 46:0.0667 47:0.0667 48:0.0667 49:0.0667 50:0.0667 51:0.0667 52:0.0667 53:0.0667 54:0.0667 55:0.1000 56:0.0667 57:0.0667 58:0.0333 59:0.0667 44:0.0667 45:0.0667 49:0.0667 50:0.0667 51:0.0667 52:0.0667 53:0.0667 60:0.0667 61:0.1000 62:0.0667 63:0.0667 64:0.0667 65:0.0667 66:0.0667 67:0.0667 68:0.0667 69:0.0667 70:0.0667 0:0.0667
clip atk1 0 36 0:0.0667 44:0.0667 45:0.0667 46:0.0667 47:0.0667 48:0.0667 49:0.0667 50:0.0667 51:0.0667 52:0.0667 53:0.0667 54:0.0667 55:0.1000 56:0.0667 57:0.0667 58:0.0333 59:0.0667 44:0.0667 45:0.0667 49:0.0667 50:0.0667 51:0.0667 52:0.0667 53:0.0667 60:0.0667 61:0.1000 62:0.0667 63:0.0667 64:0.0667 65:0.0667 66:0.0667 67:0.0667 68:0.0667 69:0.0667 70:0.0667 0:0.0667
clip atk2 0 36 0:0.0667 44:0.0667 45:0.0667 46:0.0667 47:0.0667 48:0.0667 49:0.0667 50:0.0667 51:0.0667 52:0.0667 53:0.0667 54:0.0667 55:0.1000 56:0.0667 57:0.0667 58:0.0333 59:0.0667 44:0.0667 45:0.0667 49:0.0667 50:0.0667 51:0.0667 52:0.0667 53:0.0667 60:0.0667 61:0.1000 62:0.0667 63:0.0667 64:0.0667 65:0.0667 66:0.0667 67:0.0667 68:0.0667 69:0.0667 70:0.0667 0:0.0667
clip atk3 0 36 0:0.0667 44:0.0667 45:0.0667 46:0.0667 47:0.0667 48:0.0667 49:0.0667 50:0.0667 51:0.0667 52:0.0667 53:0.0667 54:0.0667 55:0.1000 56:0.0667 57:0.0667 58:0.0333 59:0.0667 44:0.0667 45:0.0667 49:0.0667 50:0.0667 51:0.0667 52:0.0667 53:0.0667 60:0.0667 61:0.1000 62:0.0667 63:0.0667 64:0.0667 65:0.0667 66:0.0667 67:0.0667 68:0.0667 69:0.0667 70:0.0667 0:0.0667
clip atk4 0 36 0:0.0667 44:0.0667 45:0.0667 46:0.0667 47:0.0667 48:0.0667 49:0.0667 50:0.0667 51:0.0667 52:0.0667 53:0.0667 54:0.0667 55:0.1000 56:0.0667 57:0.0667 58:0.0333 59:0.0667 44:0.0667 45:0.0667 49:0.0667 50:0.0667 51:0.0667 52:0.0667 53:0.0667 60:0.0667 61:0.1000 62:0.0667 63:0.0667 64:0.0667 65:0.0667 66:0.0667 67:0.0667 68:0.0667 69:0.0667 70:0.0667 0:0.0667
clip energy 0 3 0:0.0333 0:0.0333 0:0.0333
clip dash_attack 0 3 0:0.0333 0:0.0333 0:0.0333
clip rage_attack 0 3 0:0.0333 0:0.0333 0:0.0333
clip finisher 0 3 0:0.0333 0:0.0333 0:0.0333
clip super 0 3 0:0.0333 0:0.0333 0:0.0333
clip block 1 7 0:0.0667 1:0.0667 2:0.0667 3:0.0667 4:0.0667 5:0.0667 6:0.0667
ability punch1 ATAQUE
ability kick ATAQUE 2
ability special TECNICA
sound hurt sound68
sound die sound69
