# BETA: BRUTO DE LA BOLA ROJO (generado por tools/beta/build_beta_characters.py)
character bruto_cadena_rojo enemy 320
name BRUTO DE LA BOLA ROJO
image 0 263
image 1 349
image 2 350
image 3 351
image 4 352
image 5 353
image 6 354
image 7 355
image 8 356
image 9 357
image 10 358
image 11 359
image 12 360
image 13 361
image 14 376
image 15 344
image 16 345
image 17 346
image 18 347
image 19 333
image 20 335
image 21 332
image 22 334
image 23 348
image 24 336
image 25 371
image 26 374
image 27 377
image 28 375
image 29 372
image 30 373
image 31 343
image 32 369
image 33 337
image 34 338
image 35 339
image 36 340
image 37 341
image 38 370
image 39 342
image 40 169
frame 0 4 -49 -176 54 17 0 0 0 0
piece 0 0 156 124 74 -121 -30 0
piece 0 0 156 124 74 -3 -30 4
piece 1 1 0 188 198 -78 -180 0
piece 1 0 201 104 30 -108 -132 3
frame 1 4 -49 -176 54 17 0 0 0 0
piece 0 132 157 118 74 -1 -28 4
piece 0 132 157 118 74 -117 -28 0
piece 1 204 0 196 196 -88 -178 0
piece 1 112 201 76 16 -104 -108 1
frame 2 4 -49 -176 54 17 0 0 0 0
piece 0 268 157 118 74 -118 -29 0
piece 0 268 157 118 74 0 -29 4
piece 1 2 231 174 196 -60 -177 0
piece 1 288 196 112 42 -101 -135 1
frame 3 3 -49 -176 54 17 0 0 0 0
piece 0 0 233 122 80 -122 -29 0
piece 0 0 233 122 80 0 -29 4
piece 1 190 240 210 194 -100 -176 0
frame 4 4 -49 -176 54 17 0 0 0 0
piece 0 138 237 118 74 -1 -28 4
piece 0 138 237 118 74 -117 -28 0
piece 1 0 432 208 98 -97 -79 0
piece 1 211 435 188 96 -89 -174 0
frame 5 3 -49 -176 54 17 0 0 0 0
piece 0 279 240 118 74 -117 -29 0
piece 0 279 240 118 74 -1 -29 4
piece 2 0 0 206 190 -93 -172 0
frame 6 4 -49 -176 54 17 0 0 0 0
piece 0 0 156 124 74 -121 -30 0
piece 0 0 156 124 74 -3 -30 4
piece 2 209 15 190 188 -80 -170 0
piece 2 314 1 62 10 -89 -89 1
frame 7 3 -49 -176 54 17 0 0 0 0
piece 0 132 157 118 74 -117 -28 0
piece 0 132 157 118 74 -1 -28 4
piece 2 5 190 196 190 -85 -169 0
frame 8 3 -49 -176 54 17 0 0 0 0
piece 0 268 157 118 74 0 -29 4
piece 0 268 157 118 74 -118 -29 0
piece 2 204 204 196 186 -84 -168 0
frame 9 3 -49 -176 54 17 0 0 0 0
piece 0 0 233 122 80 -122 -29 0
piece 0 0 233 122 80 0 -29 4
piece 2 5 390 194 186 -82 -167 0
frame 10 3 -49 -176 54 17 0 0 0 0
piece 0 138 237 118 74 -1 -28 4
piece 0 138 237 118 74 -117 -28 0
piece 2 202 391 198 186 -87 -168 0
frame 11 3 -49 -176 54 17 0 0 0 0
piece 0 279 240 118 74 -117 -29 0
piece 0 279 240 118 74 -1 -29 4
piece 2 5 190 196 190 -85 -169 0
frame 12 4 -49 -176 54 17 0 0 0 0
piece 0 0 156 124 74 -3 -30 4
piece 0 0 156 124 74 -121 -30 0
piece 2 209 15 190 188 -80 -170 0
piece 2 314 1 62 10 -89 -89 1
frame 13 3 -49 -176 54 17 0 0 0 0
piece 0 132 157 118 74 -117 -28 0
piece 0 132 157 118 74 -1 -28 4
piece 2 0 0 206 190 -93 -172 0
frame 14 4 -49 -176 54 17 0 0 0 0
piece 0 268 157 118 74 -118 -29 0
piece 0 268 157 118 74 0 -29 4
piece 1 0 432 208 98 -97 -79 0
piece 1 211 435 188 96 -89 -174 0
frame 15 4 -49 -176 54 17 0 0 0 0
piece 0 138 237 118 74 -1 -28 4
piece 0 138 237 118 74 -117 -28 0
piece 1 2 231 174 196 -60 -177 0
piece 1 288 196 112 42 -101 -135 1
frame 16 4 -49 -176 54 17 0 0 0 0
piece 0 279 240 118 74 -117 -29 0
piece 0 279 240 118 74 -1 -29 4
piece 1 204 0 196 196 -88 -178 0
piece 1 112 201 76 16 -104 -107 1
frame 17 3 -49 -176 54 17 0 0 0 0
piece 0 0 156 124 74 -3 -30 4
piece 0 0 156 124 74 -121 -30 0
piece 3 1 2 166 186 -52 -182 0
frame 18 3 -49 -176 54 17 0 0 0 0
piece 0 132 157 118 74 -1 -28 4
piece 0 132 157 118 74 -117 -28 0
piece 3 170 0 186 188 -69 -185 0
frame 19 3 -49 -176 54 17 0 0 0 0
piece 0 268 157 118 74 0 -29 4
piece 0 268 157 118 74 -118 -29 0
piece 3 4 187 206 194 -79 -187 0
frame 20 5 -49 -176 54 17 0 0 0 0
piece 0 0 233 122 80 -122 -29 0
piece 0 0 233 122 80 0 -29 4
piece 3 357 0 42 134 99 -157 0
piece 3 232 387 70 12 -92 -121 3
piece 3 219 187 180 198 -80 -185 0
frame 21 5 -49 -176 54 17 0 0 0 0
piece 0 138 237 118 74 -117 -28 0
piece 0 138 237 118 74 -1 -28 4
piece 3 287 479 76 44 -78 -53 0
piece 3 266 402 134 76 -5 -53 0
piece 3 8 385 210 130 -81 -183 0
frame 22 3 -49 -176 54 17 0 0 0 0
piece 0 279 240 118 74 -1 -29 4
piece 0 279 240 118 74 -117 -29 0
piece 4 3 2 188 208 -69 -181 0
frame 23 3 -49 -176 54 17 0 0 0 0
piece 0 0 156 124 74 -3 -30 4
piece 0 0 156 124 74 -121 -30 0
piece 4 201 2 176 204 -60 -180 0
frame 24 3 -49 -176 54 17 0 0 0 0
piece 0 132 157 118 74 -1 -28 4
piece 0 132 157 118 74 -117 -28 0
piece 4 3 216 156 204 -43 -182 0
frame 25 3 -49 -176 54 17 0 0 0 0
piece 0 268 157 118 74 0 -29 4
piece 0 268 157 118 74 -118 -29 0
piece 4 164 216 164 202 -52 -182 0
frame 26 4 -49 -176 54 17 0 0 0 0
piece 0 0 233 122 80 0 -29 4
piece 0 0 233 122 80 -122 -29 0
piece 4 330 216 30 106 -9 -184 1
piece 4 0 428 182 172 -67 -157 0
frame 27 4 -49 -176 54 17 0 0 0 0
piece 0 138 237 118 74 -117 -28 0
piece 0 138 237 118 74 -1 -28 4
piece 4 334 327 14 72 -8 -179 1
piece 4 182 424 192 176 -80 -165 0
frame 28 3 -49 -176 54 17 0 0 0 0
piece 0 279 240 118 74 -117 -29 0
piece 0 279 240 118 74 -1 -29 4
piece 5 0 10 188 190 -69 -184 0
frame 29 3 -49 -176 54 17 0 0 0 0
piece 0 0 156 124 74 -3 -30 4
piece 0 0 156 124 74 -121 -30 0
piece 6 0 1 230 208 -107 -184 0
frame 30 4 -49 -176 54 17 0 0 0 0
piece 0 132 157 118 74 -1 -28 4
piece 0 132 157 118 74 -117 -28 0
piece 6 233 0 167 220 -60 -197 0
piece 6 310 222 42 104 -101 -168 0
frame 31 4 -49 -176 54 17 0 0 0 0
piece 0 268 157 118 74 -118 -29 0
piece 0 268 157 118 74 0 -29 4
piece 6 117 213 104 182 -6 -159 0
piece 6 1 213 114 186 -120 -204 0
frame 32 5 -49 -176 54 17 0 0 0 0
piece 0 0 233 122 80 -122 -29 0
piece 0 0 233 122 80 0 -29 4
piece 6 231 336 168 162 -85 -137 0
piece 6 224 229 86 72 -85 -208 0
piece 6 352 222 44 90 -128 -169 0
frame 33 4 -49 -176 54 17 0 0 0 0
piece 0 138 237 118 74 -117 -28 0
piece 0 138 237 118 74 -1 -28 4
piece 6 1 409 198 144 -132 -205 0
piece 6 230 500 163 82 -95 -62 0
frame 34 3 -49 -176 54 17 0 0 0 0
piece 0 279 240 118 74 -1 -29 4
piece 0 279 240 118 74 -117 -30 0
piece 7 0 0 184 212 -115 -194 0
frame 35 3 -49 -176 54 17 0 0 0 0
piece 0 0 156 124 74 -121 -30 0
piece 0 0 156 124 74 -3 -30 4
piece 7 186 1 182 212 -111 -194 0
frame 36 3 -49 -176 54 17 0 0 0 0
piece 0 132 157 118 74 -1 -28 4
piece 0 132 157 118 74 -117 -28 0
piece 7 0 212 186 192 -111 -173 0
frame 37 3 -49 -176 54 17 0 0 0 0
piece 0 268 157 118 74 0 -29 4
piece 0 268 157 118 74 -118 -29 0
piece 7 186 212 186 190 -111 -169 0
frame 38 3 -49 -176 54 17 0 0 0 0
piece 0 0 233 122 80 0 -29 4
piece 0 0 233 122 80 -122 -29 0
piece 7 3 406 182 190 -109 -169 0
frame 39 3 -49 -176 54 17 0 0 0 0
piece 0 138 237 118 74 -117 -28 0
piece 0 138 237 118 74 -1 -28 4
piece 7 186 405 180 192 -104 -172 0
frame 40 3 -49 -176 54 17 0 0 0 0
piece 0 279 240 118 74 -1 -29 4
piece 0 279 240 118 74 -117 -30 0
piece 8 0 0 180 196 -106 -175 0
frame 41 3 -49 -176 54 17 0 0 0 0
piece 0 0 156 124 74 -121 -30 0
piece 0 0 156 124 74 -3 -30 4
piece 8 180 1 184 198 -97 -180 0
frame 42 1 -49 -176 54 17 0 0 0 0
piece 6 0 1 230 208 -107 -184 0
frame 43 2 -49 -176 54 17 0 0 0 0
piece 6 233 0 167 220 -60 -197 0
piece 6 310 222 42 104 -101 -168 0
frame 44 2 -49 -176 54 17 0 0 0 0
piece 6 117 213 104 182 -6 -159 0
piece 6 1 213 114 186 -120 -204 0
frame 45 1 -49 -176 54 17 0 0 0 0
piece 9 172 6 228 192 -126 -218 0
frame 46 2 -49 -176 54 17 0 0 0 0
piece 9 4 192 184 126 -43 -221 1
piece 9 192 198 168 102 -138 -222 1
frame 47 1 -49 -176 54 17 0 0 0 0
piece 10 0 0 224 186 -139 -238 0
frame 48 2 -49 -176 54 17 0 0 0 0
piece 10 226 0 174 229 -145 -256 1
piece 10 229 229 152 18 -88 -89 0
frame 49 1 -49 -176 54 17 0 0 0 0
piece 10 0 196 228 192 -148 -264 0
frame 50 3 -49 -176 54 17 0 0 0 0
piece 10 218 505 108 71 17 -172 1
piece 10 0 388 218 160 -133 -262 1
piece 10 327 506 72 36 18 -260 1
frame 51 1 -49 -176 54 17 0 0 0 0
piece 11 0 0 206 221 -139 -243 0
frame 52 1 -49 -176 54 17 0 0 0 0
piece 11 0 0 206 221 -133 -226 0
frame 53 2 -49 -176 54 17 0 0 0 0
piece 11 207 0 193 209 -101 -191 0
piece 11 46 223 110 39 -133 -106 1
frame 54 2 -49 -176 54 17 0 0 0 0
piece 11 0 269 238 138 -160 -112 0
piece 11 64 414 82 18 68 -82 1
frame 55 1 -49 -176 54 17 0 0 0 0
piece 11 240 213 160 239 -152 -139 1
frame 56 3 -49 -176 54 17 0 0 0 0
piece 0 0 156 124 74 -121 -30 0
piece 0 0 156 124 74 -3 -30 4
piece 12 0 1 168 214 -114 -144 1
frame 57 3 -49 -176 54 17 0 0 0 0
piece 0 132 157 118 74 -117 -28 0
piece 0 132 157 118 74 -1 -28 4
piece 12 169 2 206 188 -111 -164 0
frame 58 3 -49 -176 54 17 0 0 0 0
piece 0 268 157 118 74 -118 -29 0
piece 0 268 157 118 74 0 -29 4
piece 12 0 221 193 182 -108 -163 0
frame 59 3 -49 -176 54 17 0 0 0 0
piece 0 0 233 122 80 -122 -29 0
piece 0 0 233 122 80 0 -29 4
piece 12 194 195 182 196 -103 -168 0
frame 60 4 -49 -176 54 17 0 0 0 0
piece 0 0 156 124 74 -3 -30 4
piece 0 0 156 124 74 -121 -30 0
piece 12 6 409 162 85 -84 -160 0
piece 12 200 399 177 101 -101 -89 0
frame 61 3 -49 -176 54 17 0 0 0 0
piece 0 279 240 118 74 -117 -29 0
piece 0 279 240 118 74 -1 -29 4
piece 13 0 2 177 192 -86 -173 0
frame 62 3 -49 -176 54 17 0 0 0 0
piece 0 0 156 124 74 -121 -30 0
piece 0 0 156 124 74 -3 -30 4
piece 13 179 0 188 194 -83 -177 0
frame 63 1 -49 -176 54 17 -297 -173 98 -1
piece 14 196 368 25 38 -13 -42 0
frame 64 3 -49 -176 54 17 0 0 0 0
piece 0 0 156 124 74 -121 -30 0
piece 0 0 156 124 74 -3 -30 4
piece 15 0 0 202 198 -93 -179 0
frame 65 3 -49 -176 54 17 0 0 0 0
piece 0 132 157 118 74 -1 -28 4
piece 0 132 157 118 74 -117 -28 0
piece 15 214 0 186 198 -68 -180 0
frame 66 3 -49 -176 54 17 0 0 0 0
piece 0 268 157 118 74 0 -29 4
piece 0 268 157 118 74 -118 -29 0
piece 15 0 202 192 194 -70 -176 0
frame 67 3 -49 -176 54 17 0 0 0 0
piece 0 0 233 122 80 0 -29 4
piece 0 0 233 122 80 -122 -29 0
piece 15 219 202 180 194 -70 -176 0
frame 68 3 -49 -176 54 17 0 0 0 0
piece 0 138 237 118 74 -1 -28 4
piece 0 138 237 118 74 -117 -28 0
piece 15 0 401 190 194 -73 -177 0
frame 69 4 -49 -176 54 17 0 0 0 0
piece 0 279 240 118 74 -117 -29 0
piece 0 279 240 118 74 -1 -29 4
piece 15 194 398 206 198 -67 -180 0
piece 15 197 359 14 34 -79 -32 0
frame 70 4 -49 -176 54 17 0 0 0 0
piece 0 0 156 124 74 -121 -30 0
piece 0 0 156 124 74 -3 -30 4
piece 16 0 0 174 198 -82 -180 0
piece 16 3 199 82 54 92 -157 1
frame 71 3 -49 -176 54 17 0 0 0 0
piece 0 132 157 118 74 -1 -28 4
piece 0 132 157 118 74 -117 -28 0
piece 16 188 0 212 226 -83 -208 0
frame 72 4 -49 -176 54 17 0 0 0 0
piece 0 268 157 118 74 0 -29 4
piece 0 268 157 118 74 -118 -29 0
piece 16 12 293 164 194 -87 -175 0
piece 16 88 199 100 92 -11 -264 0
frame 73 6 -49 -176 54 17 0 0 0 0
piece 0 0 233 122 80 0 -29 4
piece 0 0 233 122 80 -122 -29 0
piece 16 197 232 84 190 -86 -171 0
piece 16 317 335 68 84 -5 -171 0
piece 16 295 230 90 98 -24 -267 0
piece 16 217 421 92 84 -6 -88 1
frame 74 4 -49 -176 54 17 0 0 0 0
piece 0 138 237 118 74 -1 -28 4
piece 0 138 237 118 74 -117 -28 0
piece 17 0 0 186 168 -86 -166 1
piece 17 191 0 94 114 -57 -280 2
frame 75 4 -49 -176 54 17 0 0 0 0
piece 0 279 240 118 74 -117 -29 0
piece 0 279 240 118 74 -1 -29 4
piece 17 238 130 162 168 -86 -144 1
piece 17 284 2 116 126 -103 -269 0
frame 76 5 -49 -176 54 17 0 0 0 0
piece 0 0 156 124 74 -121 -30 0
piece 0 0 156 124 74 -3 -30 4
piece 17 2 168 120 282 -112 -263 0
piece 17 238 380 88 76 6 -83 1
piece 17 334 384 66 50 2 -138 1
frame 77 4 -49 -176 54 17 0 0 0 0
piece 0 0 156 124 74 -121 -30 0
piece 0 0 156 124 74 -3 -30 4
piece 17 241 307 144 72 10 -142 1
piece 17 122 168 116 288 -103 -270 0
frame 78 4 -49 -176 54 17 0 0 0 0
piece 0 132 157 118 74 -117 -28 0
piece 0 132 157 118 74 -1 -28 4
piece 18 296 0 104 112 -172 -250 3
piece 18 0 2 195 280 -96 -261 0
frame 79 9 -49 -176 54 17 -28 -150 260 50
piece 0 268 157 118 74 -118 -29 0
piece 0 268 157 118 74 0 -29 4
piece 19 19 2 230 126 43 -61 0
piece 18 194 113 202 328 -91 -144 1
piece 18 201 443 150 64 61 -196 0
piece 18 0 286 192 118 -174 -268 0
piece 18 0 404 170 90 12 -276 0
piece 18 199 0 60 94 -232 -198 0
piece 20 0 0 212 194 59 -100 0
frame 80 9 -49 -176 54 17 0 0 0 0
piece 21 0 285 146 124 61 -264 0
piece 0 0 233 122 80 -122 -29 0
piece 0 0 233 122 80 0 -29 4
piece 21 134 202 58 102 -35 -272 1
piece 21 0 204 120 72 -149 -269 0
piece 19 8 127 252 134 23 -65 0
piece 21 0 2 340 200 -88 -142 0
piece 20 0 197 212 234 18 -128 0
piece 20 216 269 78 180 221 -95 0
frame 81 6 -49 -176 54 17 0 0 0 0
piece 0 138 237 118 74 -117 -28 0
piece 0 138 237 118 74 -1 -28 4
piece 19 7 269 260 146 20 -59 0
piece 21 191 212 208 312 -85 -148 1
piece 20 214 0 186 264 127 -162 0
piece 20 0 461 272 138 -5 -174 1
frame 82 8 -49 -176 54 17 0 0 0 0
piece 21 348 106 50 84 81 -129 0
piece 0 279 240 118 74 -117 -29 0
piece 0 279 240 118 74 -1 -29 4
piece 19 8 416 264 151 19 -64 0
piece 21 185 525 124 74 81 -48 0
piece 21 314 525 60 74 126 -104 0
piece 21 0 421 170 166 -89 -140 0
piece 20 296 292 104 308 18 -48 1
frame 83 4 -49 -176 54 17 0 0 0 0
piece 0 0 156 124 74 -3 -30 4
piece 0 0 156 124 74 -121 -30 0
piece 22 7 0 268 154 16 -67 0
piece 23 0 0 288 160 -90 -141 0
frame 84 4 -49 -176 54 17 0 0 0 0
piece 0 132 157 118 74 -1 -28 4
piece 0 132 157 118 74 -117 -28 0
piece 22 0 155 276 150 6 -63 0
piece 23 0 159 226 164 -74 -150 0
frame 85 4 -49 -176 54 17 0 0 0 0
piece 0 268 157 118 74 -118 -29 0
piece 0 268 157 118 74 0 -29 4
piece 23 0 324 178 194 -69 -175 0
piece 22 5 307 270 148 14 -62 0
frame 86 6 -49 -176 54 17 0 0 0 0
piece 0 0 233 122 80 0 -29 4
piece 0 0 233 122 80 -122 -29 0
piece 24 7 2 266 152 10 -61 0
piece 23 180 328 190 162 -67 -175 0
piece 23 375 344 24 114 -1 -14 3
piece 23 366 95 34 66 -71 -14 3
frame 87 5 -49 -176 54 17 0 0 0 0
piece 0 138 237 118 74 -117 -28 0
piece 0 138 237 118 74 -1 -28 4
piece 24 10 159 264 158 8 -68 0
piece 23 9 520 174 80 33 -163 1
piece 23 186 492 198 108 -74 -180 1
frame 88 3 -295 -180 295 120 0 0 0 0
piece 0 132 157 118 74 -1 -28 4
piece 0 132 157 118 74 -117 -28 0
piece 25 3 1 148 204 -120 -187 0
frame 89 4 -295 -180 295 120 0 0 0 0
piece 0 268 157 118 74 -118 -29 0
piece 0 268 157 118 74 0 -29 4
piece 26 1 363 128 152 -225 -187 0
piece 25 160 1 240 222 -210 -203 0
frame 90 4 -295 -180 295 120 0 0 0 0
piece 0 0 233 122 80 -122 -29 0
piece 0 0 233 122 80 0 -29 4
piece 26 132 368 178 158 -247 -199 0
piece 25 2 210 230 218 -210 -204 0
frame 91 7 -295 -180 295 120 0 0 0 0
piece 0 138 237 118 74 -1 -28 4
piece 0 138 237 118 74 -117 -28 0
piece 26 311 386 88 164 -185 -196 0
piece 25 231 224 168 220 -151 -200 0
piece 25 230 442 170 68 -213 -191 3
piece 26 1 521 168 78 -254 -208 1
piece 27 2 400 122 100 -207 -210 0
frame 92 6 -295 -180 295 120 0 0 0 0
piece 0 279 240 118 74 -117 -29 0
piece 0 279 240 118 74 -1 -29 4
piece 26 320 198 80 176 -251 -200 0
piece 26 323 9 76 180 -182 -194 0
piece 25 2 210 230 218 -210 -204 0
piece 27 123 395 124 98 -211 -208 0
frame 93 4 -295 -180 295 120 0 0 0 0
piece 28 0 0 166 172 -243 -202 0
piece 25 231 224 168 220 -151 -200 0
piece 25 230 442 170 68 -213 -191 3
piece 27 254 396 122 106 -210 -211 0
frame 94 3 -295 -180 295 120 0 0 0 0
piece 28 170 1 170 180 -262 -207 0
piece 25 2 210 230 218 -210 -204 0
piece 27 0 505 134 94 -210 -209 0
frame 95 4 -295 -180 295 120 0 0 0 0
piece 28 0 181 172 178 -252 -205 0
piece 25 231 224 168 220 -151 -200 0
piece 25 230 442 170 68 -213 -191 3
piece 27 132 500 136 100 -210 -211 0
frame 96 7 -300 -180 300 120 0 0 0 0
piece 0 0 156 124 74 -121 -30 0
piece 0 0 156 124 74 -3 -30 4
piece 28 179 179 220 186 -178 -264 0
piece 25 5 431 194 169 -174 -154 0
piece 25 240 514 160 80 -112 -223 0
piece 28 340 3 60 170 -228 -184 0
piece 27 295 512 104 84 -72 -227 0
frame 97 7 -295 -180 295 120 0 0 0 0
piece 0 132 157 118 74 -117 -28 0
piece 0 132 157 118 74 -1 -28 4
piece 28 0 364 397 232 -224 -246 0
piece 29 1 0 208 194 -97 -175 0
piece 27 360 4 40 98 82 -170 0
piece 27 374 101 26 100 56 -167 0
piece 27 370 218 30 100 26 -162 0
frame 98 8 -295 -180 295 120 0 0 0 0
piece 0 268 157 118 74 -118 -29 0
piece 0 268 157 118 74 0 -29 4
piece 14 0 4 92 178 -12 -161 3
piece 14 109 0 286 184 166 -179 0
piece 29 216 0 184 180 -81 -162 0
piece 30 0 3 328 122 81 -158 0
piece 29 306 176 94 78 86 -146 0
piece 31 3 1 184 92 250 -22 0
frame 99 7 -295 -180 295 120 0 0 0 0
piece 0 0 233 122 80 0 -29 4
piece 0 0 233 122 80 -122 -29 0
piece 31 11 96 212 110 236 -29 0
piece 29 0 194 192 184 -88 -159 0
piece 14 12 187 388 180 48 -181 0
piece 30 0 126 326 104 75 -148 0
piece 29 204 180 96 68 86 -142 0
frame 100 7 -295 -180 295 120 0 0 0 0
piece 0 138 237 118 74 -1 -28 4
piece 0 138 237 118 74 -117 -28 0
piece 14 0 369 196 176 249 -184 0
piece 30 0 232 332 126 72 -157 0
piece 31 241 7 128 228 222 -34 3
piece 29 216 0 184 180 -81 -162 0
piece 29 306 176 94 78 86 -146 0
frame 101 7 -295 -180 295 120 0 0 0 0
piece 0 279 240 118 74 -117 -29 0
piece 0 279 240 118 74 -1 -29 4
piece 14 216 374 184 178 250 -198 0
piece 30 2 358 330 124 69 -159 0
piece 29 0 194 192 184 -88 -159 0
piece 31 0 205 228 124 229 -38 0
piece 29 204 180 96 68 86 -142 0
frame 102 7 -295 -180 295 120 0 0 0 0
piece 0 0 156 124 74 -121 -30 0
piece 0 0 156 124 74 -3 -30 4
piece 27 0 3 172 188 255 -190 0
piece 30 0 483 333 117 63 -148 0
piece 29 216 0 184 180 -81 -162 0
piece 29 306 176 94 78 86 -146 0
piece 31 4 330 238 118 223 -37 0
frame 103 7 -295 -180 295 120 0 0 0 0
piece 0 132 157 118 74 -117 -28 0
piece 0 132 157 118 74 -1 -28 4
piece 27 171 0 186 198 245 -198 0
piece 26 0 0 324 112 70 -161 0
piece 29 0 194 192 184 -88 -159 0
piece 29 204 180 96 68 86 -142 0
piece 31 260 240 130 246 220 -43 3
frame 104 7 -295 -180 295 120 0 0 0 0
piece 0 268 157 118 74 -118 -29 0
piece 0 268 157 118 74 0 -29 4
piece 27 2 200 180 182 245 -189 0
piece 26 0 113 324 120 70 -156 0
piece 29 216 0 184 180 -81 -162 0
piece 29 306 176 94 78 86 -146 0
piece 31 3 464 260 136 214 -43 0
frame 105 7 -295 -180 295 120 0 0 0 0
piece 0 0 233 122 80 0 -29 4
piece 0 0 233 122 80 -122 -29 0
piece 27 182 200 184 182 250 -193 0
piece 26 0 237 324 126 66 -164 0
piece 29 0 194 192 184 -88 -159 0
piece 29 204 180 96 68 86 -142 0
piece 32 0 0 272 142 218 -45 0
frame 106 5 -295 -180 295 120 -297 -173 98 -1
piece 0 0 156 124 74 -121 -30 0
piece 0 0 156 124 74 -3 -30 4
piece 29 200 248 200 202 -94 -186 0
piece 33 0 0 400 382 138 -285 0
piece 32 0 143 290 138 205 -47 0
frame 107 6 -295 -180 295 120 -297 -173 98 -1
piece 0 132 157 118 74 -117 -28 0
piece 0 132 157 118 74 -1 -28 4
piece 29 200 248 200 202 -94 -186 0
piece 33 0 392 400 206 140 -312 0
piece 34 0 0 394 194 124 -106 0
piece 32 0 282 310 146 200 -43 0
frame 108 5 -295 -180 295 120 -297 -173 98 -1
piece 0 268 157 118 74 -118 -29 0
piece 0 268 157 118 74 0 -29 4
piece 29 1 381 166 200 -87 -179 0
piece 35 0 0 400 418 102 -321 0
piece 32 0 427 310 148 209 -44 0
frame 109 6 -295 -180 295 120 -297 -173 98 -1
piece 0 0 233 122 80 -122 -29 0
piece 0 0 233 122 80 0 -29 4
piece 29 1 381 166 200 -87 -179 0
piece 36 8 28 392 370 111 -298 0
piece 32 312 0 88 296 191 -54 3
piece 32 327 306 72 294 198 16 3
frame 110 6 -295 -180 295 120 -297 -173 98 -1
piece 0 138 237 118 74 -1 -28 4
piece 0 138 237 118 74 -117 -28 0
piece 29 212 451 188 149 -82 -132 0
piece 29 172 456 36 132 -61 -165 3
piece 37 0 0 400 420 96 -331 0
piece 38 0 0 149 325 186 -58 1
frame 111 5 -295 -180 295 120 -297 -173 98 -1
piece 0 279 240 118 74 -1 -29 4
piece 0 279 240 118 74 -117 -29 0
piece 15 0 0 202 198 -93 -179 0
piece 39 0 0 400 421 90 -342 0
piece 38 149 0 168 325 182 -75 1
frame 112 5 -295 -180 295 120 -297 -173 98 -1
piece 0 132 157 118 74 -117 -28 0
piece 0 132 157 118 74 -1 -28 4
piece 15 0 0 202 198 -93 -179 0
piece 40 0 0 332 318 171 -245 0
piece 38 0 324 348 168 189 -56 0
frame 113 6 -295 -180 295 120 -297 -173 98 -1
piece 0 268 157 118 74 -118 -29 0
piece 0 268 157 118 74 0 -29 4
piece 15 0 0 202 198 -93 -179 0
piece 38 318 0 82 338 182 -64 3
piece 38 0 492 366 108 155 14 0
piece 40 0 327 398 272 140 -312 0
clip idle 1 18 0:0.0333 1:0.0333 2:0.0333 3:0.0333 4:0.0333 5:0.0333 6:0.0333 7:0.0333 8:0.0333 9:0.0667 10:0.0667 11:0.0667 12:0.0667 13:0.0667 14:0.0667 3:0.0667 15:0.0667 16:0.0667
clip walk 1 12 17:0.0667 18:0.0667 19:0.0667 20:0.0667 21:0.0667 22:0.0667 23:0.0667 24:0.0667 25:0.0667 26:0.0667 27:0.0667 28:0.0667
clip run 1 12 17:0.0667 18:0.0667 19:0.0667 20:0.0667 21:0.0667 22:0.0667 23:0.0667 24:0.0667 25:0.0667 26:0.0667 27:0.0667 28:0.0667
clip dash 1 12 17:0.0667 18:0.0667 19:0.0667 20:0.0667 21:0.0667 22:0.0667 23:0.0667 24:0.0667 25:0.0667 26:0.0667 27:0.0667 28:0.0667
clip hit 0 13 29:0.0333 30:0.0667 31:0.0667 32:0.0667 33:0.0667 34:0.0333 35:0.0667 36:0.0667 37:0.0333 38:0.0667 39:0.0667 40:0.0667 41:0.0667
clip hit_high 0 13 29:0.0333 30:0.0667 31:0.0667 32:0.0667 33:0.0667 34:0.0333 35:0.0667 36:0.0667 37:0.0333 38:0.0667 39:0.0667 40:0.0667 41:0.0667
clip hit_low 0 13 29:0.0333 30:0.0667 31:0.0667 32:0.0667 33:0.0667 34:0.0333 35:0.0667 36:0.0667 37:0.0333 38:0.0667 39:0.0667 40:0.0667 41:0.0667
clip recovery 0 13 29:0.0333 30:0.0667 31:0.0667 32:0.0667 33:0.0667 34:0.0333 35:0.0667 36:0.0667 37:0.0333 38:0.0667 39:0.0667 40:0.0667 41:0.0667
clip airborne 0 13 29:0.0333 30:0.0667 31:0.0667 32:0.0667 33:0.0667 34:0.0333 35:0.0667 36:0.0667 37:0.0333 38:0.0667 39:0.0667 40:0.0667 41:0.0667
clip air 0 13 29:0.0333 30:0.0667 31:0.0667 32:0.0667 33:0.0667 34:0.0333 35:0.0667 36:0.0667 37:0.0333 38:0.0667 39:0.0667 40:0.0667 41:0.0667
clip knockdown 0 16 42:0.0333 43:0.0333 44:0.0333 45:0.0333 46:0.0333 47:0.0333 48:0.0333 49:0.0333 50:0.0333 50:0.0333 51:0.0333 52:0.0333 53:0.0333 54:0.0333 55:0.0333 54:0.0333
clip getup 0 7 56:0.1000 57:0.1000 58:0.1000 59:0.1000 60:0.1000 61:0.1000 62:0.1000
clip defeat 0 3 54:0.0333 54:0.0333 54:0.2333
clip victory 1 18 0:0.0667 1:0.0667 2:0.0667 3:0.0667 4:0.0667 5:0.0667 6:0.0667 7:0.0667 8:0.0667 9:0.0667 10:0.0667 11:0.0333 12:0.0333 13:0.0333 14:0.0333 3:0.0333 15:0.0333 16:0.0333
clip intro 0 1 63:0.0333
clip punch1 0 24 64:0.0667 65:0.0667 66:0.0667 67:0.0667 68:0.0667 69:0.0667 70:0.0667 71:0.0667 72:0.0667 73:0.0667 74:0.1000 75:0.1000 76:0.1000 77:0.1000 78:0.0667 79:0.1333 80:0.1000 81:0.0667 82:0.0667 83:0.1000 84:0.1000 85:0.1000 86:0.1000 87:0.1000
clip kick 0 24 64:0.0667 65:0.0667 66:0.0667 67:0.0667 68:0.0667 69:0.0667 70:0.0667 71:0.0667 72:0.0667 73:0.0667 74:0.1000 75:0.1000 76:0.1000 77:0.1000 78:0.0667 79:0.1333 80:0.1000 81:0.0667 82:0.0667 83:0.1000 84:0.1000 85:0.1000 86:0.1000 87:0.1000
clip energy 0 51 64:0.0667 88:0.1000 89:0.1000 90:0.1333 91:0.1000 92:0.1000 93:0.1000 94:0.1000 95:0.1000 96:0.0667 97:0.0667 98:0.0667 99:0.0333 100:0.0333 101:0.0333 102:0.0333 103:0.0333 104:0.0333 105:0.0333 100:0.0333 101:0.0333 102:0.0333 103:0.0333 104:0.0333 105:0.0333 100:0.0333 101:0.0333 102:0.0333 103:0.0333 104:0.0333 105:0.0333 100:0.0333 101:0.0333 102:0.0333 103:0.0333 104:0.0333 105:0.0333 100:0.0333 101:0.0333 102:0.0333 103:0.0333 104:0.0333 105:0.0333 106:0.0667 107:0.0667 108:0.0667 109:0.0667 110:0.0667 111:0.0667 112:0.0667 113:0.0667
clip projectile 1 1 64:0.0333
clip punch2 0 24 64:0.0667 65:0.0667 66:0.0667 67:0.0667 68:0.0667 69:0.0667 70:0.0667 71:0.0667 72:0.0667 73:0.0667 74:0.1000 75:0.1000 76:0.1000 77:0.1000 78:0.0667 79:0.1333 80:0.1000 81:0.0667 82:0.0667 83:0.1000 84:0.1000 85:0.1000 86:0.1000 87:0.1000
clip punch3 0 24 64:0.0667 65:0.0667 66:0.0667 67:0.0667 68:0.0667 69:0.0667 70:0.0667 71:0.0667 72:0.0667 73:0.0667 74:0.1000 75:0.1000 76:0.1000 77:0.1000 78:0.0667 79:0.1333 80:0.1000 81:0.0667 82:0.0667 83:0.1000 84:0.1000 85:0.1000 86:0.1000 87:0.1000
clip atk1 0 24 64:0.0667 65:0.0667 66:0.0667 67:0.0667 68:0.0667 69:0.0667 70:0.0667 71:0.0667 72:0.0667 73:0.0667 74:0.1000 75:0.1000 76:0.1000 77:0.1000 78:0.0667 79:0.1333 80:0.1000 81:0.0667 82:0.0667 83:0.1000 84:0.1000 85:0.1000 86:0.1000 87:0.1000
clip atk2 0 24 64:0.0667 65:0.0667 66:0.0667 67:0.0667 68:0.0667 69:0.0667 70:0.0667 71:0.0667 72:0.0667 73:0.0667 74:0.1000 75:0.1000 76:0.1000 77:0.1000 78:0.0667 79:0.1333 80:0.1000 81:0.0667 82:0.0667 83:0.1000 84:0.1000 85:0.1000 86:0.1000 87:0.1000
clip atk3 0 24 64:0.0667 65:0.0667 66:0.0667 67:0.0667 68:0.0667 69:0.0667 70:0.0667 71:0.0667 72:0.0667 73:0.0667 74:0.1000 75:0.1000 76:0.1000 77:0.1000 78:0.0667 79:0.1333 80:0.1000 81:0.0667 82:0.0667 83:0.1000 84:0.1000 85:0.1000 86:0.1000 87:0.1000
clip atk4 0 24 64:0.0667 65:0.0667 66:0.0667 67:0.0667 68:0.0667 69:0.0667 70:0.0667 71:0.0667 72:0.0667 73:0.0667 74:0.1000 75:0.1000 76:0.1000 77:0.1000 78:0.0667 79:0.1333 80:0.1000 81:0.0667 82:0.0667 83:0.1000 84:0.1000 85:0.1000 86:0.1000 87:0.1000
clip special 0 24 64:0.0667 65:0.0667 66:0.0667 67:0.0667 68:0.0667 69:0.0667 70:0.0667 71:0.0667 72:0.0667 73:0.0667 74:0.1000 75:0.1000 76:0.1000 77:0.1000 78:0.0667 79:0.1333 80:0.1000 81:0.0667 82:0.0667 83:0.1000 84:0.1000 85:0.1000 86:0.1000 87:0.1000
clip dash_attack 0 24 64:0.0667 65:0.0667 66:0.0667 67:0.0667 68:0.0667 69:0.0667 70:0.0667 71:0.0667 72:0.0667 73:0.0667 74:0.1000 75:0.1000 76:0.1000 77:0.1000 78:0.0667 79:0.1333 80:0.1000 81:0.0667 82:0.0667 83:0.1000 84:0.1000 85:0.1000 86:0.1000 87:0.1000
clip rage_attack 0 24 64:0.0667 65:0.0667 66:0.0667 67:0.0667 68:0.0667 69:0.0667 70:0.0667 71:0.0667 72:0.0667 73:0.0667 74:0.1000 75:0.1000 76:0.1000 77:0.1000 78:0.0667 79:0.1333 80:0.1000 81:0.0667 82:0.0667 83:0.1000 84:0.1000 85:0.1000 86:0.1000 87:0.1000
clip finisher 0 24 64:0.0667 65:0.0667 66:0.0667 67:0.0667 68:0.0667 69:0.0667 70:0.0667 71:0.0667 72:0.0667 73:0.0667 74:0.1000 75:0.1000 76:0.1000 77:0.1000 78:0.0667 79:0.1333 80:0.1000 81:0.0667 82:0.0667 83:0.1000 84:0.1000 85:0.1000 86:0.1000 87:0.1000
clip super 0 24 64:0.0667 65:0.0667 66:0.0667 67:0.0667 68:0.0667 69:0.0667 70:0.0667 71:0.0667 72:0.0667 73:0.0667 74:0.1000 75:0.1000 76:0.1000 77:0.1000 78:0.0667 79:0.1333 80:0.1000 81:0.0667 82:0.0667 83:0.1000 84:0.1000 85:0.1000 86:0.1000 87:0.1000
clip block 1 18 0:0.0333 1:0.0333 2:0.0333 3:0.0333 4:0.0333 5:0.0333 6:0.0333 7:0.0333 8:0.0333 9:0.0667 10:0.0667 11:0.0667 12:0.0667 13:0.0667 14:0.0667 3:0.0667 15:0.0667 16:0.0667
ability punch1 ATAQUE
ability kick ATAQUE 2
ability energy ATAQUE A DISTANCIA
sound hurt sound68
sound die sound69
