# BETA: CENTAURO ROJO (generado por tools/beta/build_beta_characters.py)
character centauro_rojo enemy 300
name CENTAURO ROJO
image 0 263
image 1 523
image 2 524
image 3 618
image 4 619
image 5 620
image 6 621
image 7 622
image 8 614
image 9 623
image 10 627
image 11 628
image 12 587
image 13 527
image 14 87
image 15 581
image 16 583
image 17 88
image 18 90
image 19 91
image 20 615
image 21 92
image 22 89
image 23 93
image 24 94
image 25 95
image 26 96
image 27 591
image 28 86
image 29 593
image 30 655
image 31 79
image 32 80
image 33 81
image 34 82
image 35 83
image 36 84
image 37 617
image 38 85
frame 0 3 -50 -185 60 10 0 0 0 0
piece 0 0 156 124 74 -121 -30 0
piece 0 0 156 124 74 -3 -30 0
piece 1 0 0 271 251 -86 -225 0
frame 1 3 -50 -185 60 10 0 0 0 0
piece 0 132 157 118 74 -1 -28 0
piece 0 132 157 118 74 -117 -28 0
piece 1 271 0 270 251 -84 -224 0
frame 2 3 -50 -185 60 10 0 0 0 0
piece 0 268 157 118 74 -118 -29 0
piece 0 268 157 118 74 0 -29 0
piece 1 0 251 259 236 -73 -213 0
frame 3 3 -50 -185 60 10 0 0 0 0
piece 0 0 233 122 80 -122 -29 0
piece 0 0 233 122 80 0 -29 0
piece 1 259 251 282 234 -99 -211 0
frame 4 3 -50 -185 60 10 0 0 0 0
piece 0 138 237 118 74 -117 -28 0
piece 0 138 237 118 74 -1 -28 0
piece 1 0 487 259 236 -74 -211 0
frame 5 3 -50 -185 60 10 0 0 0 0
piece 0 279 240 118 74 -117 -29 0
piece 0 279 240 118 74 -1 -29 0
piece 1 259 489 282 234 -99 -208 0
frame 6 3 -50 -185 60 10 0 0 0 0
piece 0 0 156 124 74 -121 -30 0
piece 0 0 156 124 74 -3 -30 0
piece 2 0 0 257 239 -75 -216 0
frame 7 3 -50 -185 60 10 0 0 0 0
piece 0 132 157 118 74 -1 -28 0
piece 0 132 157 118 74 -117 -28 0
piece 2 257 0 271 244 -88 -221 0
frame 8 3 -50 -185 60 10 0 0 0 0
piece 0 268 157 118 74 -118 -29 0
piece 0 268 157 118 74 0 -29 0
piece 2 0 239 268 232 -82 -211 0
frame 9 3 -50 -185 60 10 0 0 0 0
piece 0 0 233 122 80 0 -29 0
piece 0 0 233 122 80 -122 -29 0
piece 2 268 244 270 229 -87 -207 0
frame 10 3 -50 -185 60 10 0 0 0 0
piece 0 138 237 118 74 -117 -28 0
piece 0 138 237 118 74 -1 -28 0
piece 2 0 473 276 234 -89 -210 0
frame 11 3 -50 -185 60 10 0 0 0 0
piece 0 279 240 118 74 -117 -29 0
piece 0 279 240 118 74 -1 -29 0
piece 2 276 473 280 236 -93 -211 0
frame 12 4 -50 -185 60 10 0 0 0 0
piece 0 0 156 124 74 -121 -30 0
piece 0 0 156 124 74 -3 -30 0
piece 3 0 0 170 110 -8 -228 0
piece 3 0 111 184 134 -93 -119 0
frame 13 4 -50 -185 60 10 0 0 0 0
piece 0 132 157 118 74 -117 -28 0
piece 0 132 157 118 74 -1 -28 0
piece 3 180 0 184 110 -22 -233 0
piece 3 184 111 192 142 -95 -125 0
frame 14 4 -50 -185 60 10 0 0 0 0
piece 0 268 157 118 74 0 -29 0
piece 0 268 157 118 74 -118 -29 0
piece 3 0 244 160 124 -5 -242 0
piece 3 0 369 178 138 -96 -121 0
frame 15 4 -50 -185 60 10 0 0 0 0
piece 0 0 233 122 80 0 -29 0
piece 0 0 233 122 80 -122 -29 0
piece 3 181 253 164 116 -6 -235 0
piece 3 180 369 190 142 -113 -122 0
frame 16 5 -50 -185 60 10 0 0 0 0
piece 3 0 507 172 93 -5 -231 0
piece 0 138 237 118 74 -117 -28 0
piece 0 138 237 118 74 -1 -28 0
piece 3 171 510 206 90 -105 -140 0
piece 4 0 0 198 70 -104 -51 0
frame 17 4 -50 -185 60 10 0 0 0 0
piece 0 279 240 118 74 -1 -29 0
piece 0 279 240 118 74 -117 -29 0
piece 4 202 1 180 110 3 -226 0
piece 4 0 71 212 138 -108 -119 0
frame 18 4 -50 -185 60 10 0 0 0 0
piece 0 0 156 124 74 -3 -30 0
piece 0 0 156 124 74 -121 -30 0
piece 4 211 113 178 102 10 -217 0
piece 4 0 213 199 135 -108 -119 0
frame 19 5 -50 -185 60 10 0 0 0 0
piece 0 132 157 118 74 -117 -28 0
piece 0 132 157 118 74 -1 -28 0
piece 4 197 217 186 114 -2 -228 0
piece 4 199 343 170 70 -96 -54 0
piece 4 0 353 170 68 -87 -119 0
frame 20 4 -50 -185 60 10 0 0 0 0
piece 0 0 156 124 74 -3 -30 0
piece 0 0 156 124 74 -121 -30 0
piece 5 0 0 178 206 -71 -186 0
piece 5 181 0 64 58 -134 -181 0
frame 21 4 -50 -185 60 10 0 0 0 0
piece 0 132 157 118 74 -117 -28 0
piece 0 132 157 118 74 -1 -28 0
piece 5 262 0 138 260 -90 -253 0
piece 5 186 59 69 195 33 -254 0
frame 22 4 -50 -185 60 10 0 0 0 0
piece 0 268 157 118 74 0 -29 0
piece 0 268 157 118 74 -118 -29 0
piece 5 0 206 176 266 -80 -257 0
piece 5 366 423 34 52 -94 -55 0
frame 23 5 -50 -185 60 10 0 0 0 0
piece 0 0 233 122 80 -122 -29 0
piece 0 0 233 122 80 0 -29 0
piece 5 368 361 32 48 -115 -84 0
piece 5 372 296 28 40 -141 -66 0
piece 5 179 261 184 256 -93 -248 0
frame 24 6 -50 -185 60 10 0 0 0 0
piece 5 186 518 214 82 -139 -116 0
piece 5 0 472 186 128 -84 -240 0
piece 0 138 237 118 74 -117 -28 0
piece 0 138 237 118 74 -1 -28 0
piece 5 366 483 34 30 -151 -71 0
piece 6 0 1 120 62 -82 -35 0
frame 25 4 -50 -185 60 10 0 0 0 0
piece 0 279 240 118 74 -1 -29 0
piece 0 279 240 118 74 -117 -29 0
piece 6 203 247 98 46 -186 -108 0
piece 6 0 64 194 242 -93 -232 0
frame 26 4 -50 -185 60 10 0 0 0 0
piece 0 0 156 124 74 -3 -30 0
piece 0 0 156 124 74 -121 -30 0
piece 6 302 255 98 52 -180 -137 0
piece 6 194 0 206 244 -84 -234 0
frame 27 5 -50 -185 60 10 0 0 0 0
piece 0 132 157 118 74 -117 -28 0
piece 0 132 157 118 74 -1 -28 0
piece 6 182 508 74 64 85 -185 0
piece 6 274 509 44 32 -97 -43 0
piece 6 0 306 174 242 -67 -218 0
frame 28 6 -50 -185 60 10 0 0 0 0
piece 0 268 157 118 74 -118 -29 0
piece 0 268 157 118 74 0 -29 0
piece 6 318 506 82 66 99 -146 0
piece 6 192 372 208 134 -102 -122 0
piece 6 193 294 110 78 -5 -200 0
piece 6 275 549 38 22 -115 -62 0
frame 29 6 -50 -185 60 10 0 0 0 0
piece 0 0 233 122 80 0 -29 0
piece 7 0 1 114 210 -4 -200 0
piece 0 0 233 122 80 -122 -29 0
piece 7 362 303 38 30 -103 -68 0
piece 7 114 2 82 60 108 -150 0
piece 7 114 65 82 122 -85 -112 0
frame 30 4 -50 -185 60 10 0 0 0 0
piece 0 0 156 124 74 -121 -30 0
piece 0 0 156 124 74 -3 -30 0
piece 7 264 213 136 60 -92 -54 0
piece 7 199 0 182 212 -73 -265 0
frame 31 5 -50 -185 60 10 0 0 0 0
piece 0 132 157 118 74 -117 -28 0
piece 0 132 157 118 74 -1 -28 0
piece 7 0 211 154 254 -77 -248 0
piece 7 0 465 52 62 75 -212 0
piece 7 55 467 84 46 -155 -115 0
frame 32 4 -50 -185 60 10 0 0 0 0
piece 0 268 157 118 74 -118 -29 0
piece 0 268 157 118 74 0 -29 0
piece 7 154 274 208 264 -93 -253 0
piece 7 138 224 112 38 -183 -133 0
frame 33 5 -50 -185 60 10 0 0 0 0
piece 0 0 233 122 80 -122 -29 0
piece 0 0 233 122 80 0 -29 0
piece 8 83 7 98 248 -62 -243 0
piece 8 0 138 75 78 -128 -136 0
piece 8 0 6 84 107 27 -243 0
frame 34 3 -50 -185 60 10 0 0 0 0
piece 0 138 237 118 74 -117 -28 0
piece 0 138 237 118 74 -1 -28 0
piece 8 187 1 213 264 -143 -258 0
frame 35 3 -50 -185 60 10 0 0 0 0
piece 0 279 240 118 74 -117 -29 0
piece 0 279 240 118 74 -1 -29 0
piece 8 0 256 168 270 -127 -263 0
frame 36 2 -50 -185 60 10 0 0 0 0
piece 8 169 265 146 224 -92 -219 0
piece 8 318 267 82 156 -172 -218 0
frame 37 4 -50 -185 60 10 0 0 0 0
piece 8 222 490 178 110 -138 -110 0
piece 8 0 527 134 73 -140 -182 0
piece 8 169 492 42 108 36 -85 0
piece 8 318 435 82 54 -216 -127 0
frame 38 3 -50 -185 60 10 0 0 0 0
piece 9 38 0 244 130 -207 -105 0
piece 9 0 53 38 76 37 -52 0
piece 9 286 0 88 36 -291 -11 0
frame 39 3 -50 -185 60 10 0 0 0 0
piece 9 0 248 88 112 -8 -111 0
piece 9 88 248 204 138 -212 -110 0
piece 9 287 72 64 34 -273 -20 0
frame 40 3 -50 -185 60 10 0 0 0 0
piece 9 1 130 289 118 -197 -106 0
piece 9 286 38 66 34 -261 -31 0
piece 9 287 72 64 34 -261 -31 0
frame 41 3 -50 -185 60 10 0 0 0 0
piece 9 1 424 82 78 9 -54 0
piece 9 83 387 204 122 -195 -91 0
piece 9 356 40 44 34 -237 -35 0
frame 42 5 -50 -185 60 10 0 0 0 0
piece 9 0 510 262 90 -205 -117 0
piece 9 292 182 108 50 -106 -28 0
piece 9 305 237 94 44 -3 -28 0
piece 9 292 155 108 26 -212 -28 0
piece 9 289 107 102 48 -312 -51 0
frame 43 5 -50 -185 60 10 0 0 0 0
piece 10 0 0 130 94 -48 -78 0
piece 10 130 0 94 180 -141 -165 0
piece 10 225 4 62 86 -201 -164 0
piece 10 7 96 62 78 -155 -239 0
piece 10 77 100 52 76 -243 -91 0
frame 44 6 -50 -185 60 10 0 0 0 0
piece 9 292 282 108 96 -23 -81 0
piece 9 289 381 111 138 -134 -125 0
piece 9 0 360 84 64 -218 -65 0
piece 9 265 520 44 80 -178 -145 0
piece 9 316 536 84 64 -269 -129 0
piece 9 2 7 33 42 -302 -126 0
frame 45 4 -50 -185 60 10 0 0 0 0
piece 10 288 6 104 100 -41 -85 0
piece 10 233 113 112 196 -151 -179 0
piece 10 362 214 38 142 -182 -130 0
piece 10 348 107 52 106 -176 -233 0
frame 46 2 -50 -185 60 10 0 0 0 0
piece 10 0 322 204 150 -172 -134 0
piece 10 0 179 100 140 -137 -268 0
frame 47 3 -50 -185 60 10 0 0 0 0
piece 10 214 395 164 108 -147 -86 0
piece 10 207 313 146 82 -122 -168 0
piece 10 113 188 82 118 -95 -284 0
frame 48 4 -50 -185 60 10 0 0 0 0
piece 10 256 506 144 94 -122 -146 0
piece 10 83 506 172 94 -93 -240 0
piece 11 39 1 88 66 -79 -53 0
piece 11 0 1 36 33 -158 -86 0
frame 49 4 -50 -185 60 10 0 0 0 0
piece 11 133 2 88 22 -181 -150 0
piece 11 136 26 74 50 43 -155 0
piece 11 0 136 148 192 -100 -177 0
piece 11 0 70 108 66 -60 -243 0
frame 50 6 -50 -185 60 10 0 0 0 0
piece 11 186 327 144 108 -118 -224 0
piece 11 108 76 72 54 24 -182 0
piece 11 292 67 32 36 -48 -250 0
piece 11 285 159 35 15 -151 -144 0
piece 11 281 113 49 24 -194 -145 0
piece 11 188 435 130 128 -106 -116 0
frame 51 4 -50 -185 60 10 0 0 0 0
piece 11 148 199 182 120 -95 -104 0
piece 11 149 137 128 62 -42 -166 0
piece 11 180 82 82 55 -27 -221 0
piece 11 232 0 98 68 78 -177 0
frame 52 5 -50 -185 60 10 0 0 0 0
piece 11 0 393 134 170 -42 -156 0
piece 11 112 337 70 70 105 -159 0
piece 11 135 412 26 24 83 -122 0
piece 11 8 329 104 64 -20 -220 0
piece 11 134 447 50 116 -92 -102 0
frame 53 1 -50 -185 60 10 0 0 0 0
piece 12 13 566 88 34 -44 -17 0
frame 54 5 -50 -185 60 10 0 0 0 0
piece 0 0 156 124 74 -121 -30 0
piece 0 0 156 124 74 -3 -30 0
piece 13 113 0 94 96 93 -239 0
piece 13 0 0 114 235 -18 -214 0
piece 13 114 96 52 138 -70 -118 0
frame 55 5 -50 -185 60 10 0 0 0 0
piece 0 132 157 118 74 -1 -28 0
piece 0 132 157 118 74 -117 -28 0
piece 13 207 0 96 254 -8 -234 0
piece 13 311 0 52 114 57 -315 0
piece 13 303 115 66 136 -74 -119 0
frame 56 5 -50 -185 60 10 0 0 0 0
piece 0 268 157 118 74 -118 -29 0
piece 0 268 157 118 74 0 -29 0
piece 13 298 255 102 48 -166 -225 0
piece 13 0 477 46 20 70 -215 0
piece 13 0 236 150 240 -71 -221 0
frame 57 6 -50 -185 60 10 0 0 0 0
piece 0 0 233 122 80 0 -29 0
piece 0 0 233 122 80 -122 -29 0
piece 13 296 306 104 52 -174 -193 0
piece 13 58 475 50 26 52 -236 0
piece 13 197 255 96 236 -71 -220 0
piece 13 151 244 46 252 25 -231 0
frame 58 10 -50 -185 60 10 0 0 0 0
piece 0 138 237 118 74 -117 -28 0
piece 0 138 237 118 74 -1 -28 0
piece 13 13 502 192 98 -71 -200 0
piece 13 307 464 87 24 -2 2 0
piece 13 228 492 172 108 -80 -104 0
piece 13 370 449 28 8 -53 4 0
piece 13 300 409 56 32 83 -104 0
piece 13 301 360 98 50 134 -97 0
piece 14 267 75 132 134 122 -177 0
piece 14 292 0 108 56 14 -188 0
frame 59 7 -50 -185 60 10 -194 -154 138 -12
piece 0 279 240 118 74 -117 -29 0
piece 0 279 240 118 74 -1 -29 0
piece 15 0 0 114 222 11 -200 0
piece 15 114 0 50 86 -39 -200 0
piece 14 3 125 228 140 58 -148 0
piece 14 0 271 98 104 -39 -177 0
piece 15 114 86 94 138 -82 -114 0
frame 60 8 -50 -185 60 10 0 0 0 0
piece 0 0 156 124 74 -121 -30 0
piece 0 0 156 124 74 -3 -30 0
piece 15 207 0 113 236 14 -215 0
piece 15 320 99 80 134 -66 -116 0
piece 15 368 236 32 76 -92 -114 0
piece 15 329 0 56 99 3 -299 0
piece 14 290 208 110 272 -58 -307 0
piece 14 118 265 166 102 37 -139 0
frame 61 7 -50 -185 60 10 0 0 0 0
piece 0 132 157 118 74 -1 -28 0
piece 0 132 157 118 74 -117 -28 0
piece 15 0 222 114 244 14 -216 0
piece 15 182 235 33 57 58 -269 0
piece 15 114 224 62 84 29 -341 0
piece 14 72 369 134 208 -46 -355 0
piece 15 114 311 124 154 -110 -127 0
frame 62 6 -50 -185 60 10 0 0 0 0
piece 0 268 157 118 74 0 -29 0
piece 0 268 157 118 74 -118 -29 0
piece 15 2 472 120 98 -132 -130 0
piece 15 238 322 162 248 -14 -225 0
piece 15 261 240 98 80 -78 -297 0
piece 15 129 473 46 76 -59 -61 0
frame 63 5 -50 -185 60 10 0 0 0 0
piece 0 0 233 122 80 -122 -29 0
piece 0 0 233 122 80 0 -29 0
piece 16 0 0 218 298 -113 -283 0
piece 16 214 0 96 64 -192 -194 0
piece 14 0 2 62 18 -133 -25 0
frame 64 8 -50 -185 60 10 0 0 0 0
piece 16 222 72 150 124 -112 -295 0
piece 16 357 85 43 25 -120 -176 0
piece 0 138 237 118 74 -117 -28 0
piece 0 138 237 118 74 -1 -28 0
piece 16 326 0 74 80 -185 -162 0
piece 16 371 144 28 56 -115 -119 0
piece 14 71 2 82 38 -147 -38 0
piece 16 218 197 182 198 -90 -179 0
frame 65 7 -50 -185 60 10 0 0 0 0
piece 0 279 240 118 74 -1 -29 0
piece 0 279 240 118 74 -117 -29 0
piece 16 0 405 204 110 -111 -192 0
piece 16 2 300 108 104 -88 -295 0
piece 16 128 301 90 90 -180 -169 0
piece 14 162 6 126 44 -196 -43 0
piece 16 204 402 196 110 -112 -91 0
frame 66 7 -50 -185 60 10 0 0 0 0
piece 0 0 156 124 74 -3 -30 0
piece 12 0 0 114 226 35 -200 0
piece 0 0 156 124 74 -121 -30 0
piece 12 115 0 134 93 144 -193 0
piece 17 0 0 400 174 -122 -351 0
piece 14 0 55 146 54 -213 -50 0
piece 12 114 93 152 134 -117 -107 0
frame 67 10 -50 -185 60 10 0 0 0 0
piece 0 132 157 118 74 -1 -28 0
piece 0 132 157 118 74 -117 -28 0
piece 12 266 80 134 202 26 -173 0
piece 12 255 0 130 80 153 -50 0
piece 17 0 341 116 218 184 -193 0
piece 17 0 176 214 150 57 -342 0
piece 14 146 55 124 54 -184 -42 0
piece 18 1 0 389 458 273 -227 0
piece 12 0 229 128 161 -102 -130 0
piece 18 1 0 389 458 -116 -227 0
frame 68 9 -50 -185 60 10 -150 -114 281 76
piece 0 268 157 118 74 -118 -29 0
piece 0 268 157 118 74 0 -29 0
piece 12 0 389 130 94 157 -66 0
piece 12 128 228 172 210 -10 -181 0
piece 19 2 0 386 498 -119 -291 0
piece 17 220 197 180 142 82 -332 0
piece 19 2 0 386 498 267 -291 0
piece 12 310 281 86 176 -91 -160 0
piece 17 207 345 192 224 135 -201 0
frame 69 9 -50 -185 60 10 0 0 0 0
piece 0 0 233 122 80 0 -29 0
piece 0 0 233 122 80 -122 -29 0
piece 12 145 443 85 13 67 -174 0
piece 20 0 0 192 46 -80 -17 0
piece 12 129 456 252 144 -84 -161 0
piece 12 0 491 126 76 161 -47 0
piece 21 1 0 371 548 -103 -317 0
piece 21 1 0 371 548 268 -317 0
piece 22 0 0 212 334 82 -298 0
frame 70 7 -50 -185 60 10 0 0 0 0
piece 0 0 156 124 74 -121 -30 0
piece 0 0 156 124 74 -3 -30 0
piece 23 1 3 327 582 -58 -400 0
piece 20 0 50 216 224 -92 -199 0
piece 20 221 9 160 94 98 -78 0
piece 22 211 0 188 336 100 -325 0
piece 23 1 3 327 582 269 -400 0
frame 71 9 -50 -185 60 10 0 0 0 0
piece 24 1 0 321 532 -52 -349 0
piece 20 0 274 122 142 12 -203 0
piece 0 132 157 118 74 -1 -28 0
piece 0 132 157 118 74 -117 -28 0
piece 20 122 341 106 72 -94 -136 0
piece 20 231 103 134 78 111 -77 0
piece 22 91 335 164 264 126 -269 0
piece 24 1 0 321 532 269 -349 0
piece 20 238 181 156 94 -63 -65 0
frame 72 8 -50 -185 60 10 0 0 0 0
piece 0 268 157 118 74 0 -29 0
piece 0 268 157 118 74 -118 -29 0
piece 25 1 0 295 300 -26 -136 0
piece 20 336 509 64 64 -107 -99 0
piece 20 324 511 12 62 -53 -47 0
piece 20 122 285 112 56 111 -103 0
piece 25 1 0 295 300 269 -136 0
piece 20 232 273 168 232 -45 -210 0
frame 73 9 -50 -185 60 10 0 0 0 0
piece 0 0 233 122 80 -122 -29 0
piece 0 0 233 122 80 0 -29 0
piece 25 1 300 285 300 -16 -137 0
piece 25 1 300 285 300 269 -137 0
piece 20 213 512 104 50 113 -124 0
piece 20 240 564 30 36 91 -109 0
piece 20 167 421 66 56 11 -213 0
piece 20 165 493 46 44 -100 -88 0
piece 20 5 414 160 186 -54 -167 0
frame 74 9 -8 -16 8 0 0 0 0 0
piece 26 1 0 161 162 108 -65 0
piece 26 1 0 161 162 269 -65 0
piece 0 138 237 118 74 -117 -28 0
piece 0 138 237 118 74 -1 -28 0
piece 20 213 512 104 50 113 -124 0
piece 20 240 564 30 36 91 -109 0
piece 20 167 421 66 56 11 -213 0
piece 20 165 493 46 44 -100 -88 0
piece 20 5 414 160 186 -54 -167 0
frame 75 9 -8 -16 8 0 0 0 0 0
piece 26 175 2 146 162 123 -63 0
piece 26 175 2 146 162 269 -63 0
piece 0 279 240 118 74 -117 -29 0
piece 0 279 240 118 74 -1 -29 0
piece 20 213 512 104 50 113 -124 0
piece 20 240 564 30 36 91 -109 0
piece 20 167 421 66 56 11 -213 0
piece 20 165 493 46 44 -100 -88 0
piece 20 5 414 160 186 -54 -167 0
frame 76 9 -8 -16 8 0 0 0 0 0
piece 26 2 171 151 150 118 -62 0
piece 26 2 171 151 150 269 -62 0
piece 20 213 512 104 50 113 -124 0
piece 0 0 156 124 74 -121 -30 0
piece 0 0 156 124 74 -3 -30 0
piece 20 240 564 30 36 91 -109 0
piece 20 167 421 66 56 11 -213 0
piece 20 165 493 46 44 -100 -88 0
piece 20 5 414 160 186 -54 -167 0
frame 77 6 -50 -185 60 10 0 0 0 0
piece 0 0 156 124 74 -121 -30 0
piece 0 0 156 124 74 -3 -30 0
piece 27 0 0 108 220 -13 -191 0
piece 27 109 0 94 60 94 -208 0
piece 27 108 88 66 126 -79 -103 0
piece 27 152 60 52 30 93 -148 0
frame 78 5 -50 -185 60 10 0 0 0 0
piece 0 132 157 118 74 -117 -28 0
piece 0 132 157 118 74 -1 -28 0
piece 27 214 0 114 210 -6 -184 0
piece 27 300 210 100 86 106 -204 0
piece 27 328 80 72 124 -78 -104 0
frame 79 6 -50 -185 60 10 0 0 0 0
piece 0 268 157 118 74 0 -29 0
piece 0 268 157 118 74 -118 -29 0
piece 27 0 220 135 244 -14 -236 0
piece 27 135 228 83 75 99 -246 0
piece 27 219 226 46 40 -105 -128 0
piece 27 135 334 52 136 -68 -121 0
frame 80 6 -50 -185 60 10 0 0 0 0
piece 0 0 233 122 80 0 -29 0
piece 0 0 233 122 80 -122 -29 0
piece 27 196 302 204 246 -83 -232 0
piece 27 15 468 74 76 -150 -266 0
piece 27 105 466 32 48 -95 -199 0
piece 28 16 16 56 40 -92 -16 0
frame 81 5 -50 -185 60 10 0 0 0 0
piece 0 138 237 118 74 -117 -28 0
piece 0 138 237 118 74 -1 -28 0
piece 29 0 0 210 266 -103 -247 0
piece 29 4 267 130 52 -197 -260 0
piece 28 84 14 78 40 -124 -18 0
frame 82 6 -50 -185 60 10 0 0 0 0
piece 0 279 240 118 74 -1 -29 0
piece 0 279 240 118 74 -117 -29 0
piece 29 210 0 190 264 -93 -247 0
piece 29 168 263 116 52 -205 -247 0
piece 29 297 266 64 52 -126 -118 0
piece 28 175 8 116 52 -164 -35 0
frame 83 6 -50 -185 60 10 0 0 0 0
piece 0 0 156 124 74 -3 -30 0
piece 0 0 156 124 74 -121 -30 0
piece 30 0 0 230 226 -119 -212 0
piece 30 0 222 86 82 -201 -176 0
piece 30 89 229 90 70 -77 -280 0
piece 28 0 67 130 52 -182 -34 0
frame 84 7 -50 -185 60 10 0 0 0 0
piece 0 132 157 118 74 -117 -28 0
piece 0 132 157 118 74 -1 -28 0
piece 30 232 0 168 230 -77 -213 0
piece 30 348 231 52 90 -129 -210 0
piece 30 272 231 76 70 -75 -278 0
piece 30 182 229 82 78 -207 -161 0
piece 28 130 71 150 48 -196 -29 0
frame 85 5 -50 -185 60 10 0 0 0 0
piece 0 268 157 118 74 0 -29 0
piece 0 268 157 118 74 -118 -29 0
piece 30 0 303 200 226 -116 -212 0
piece 30 0 530 88 74 -201 -177 0
piece 30 96 530 98 74 -80 -281 0
frame 86 10 -50 -185 60 10 0 0 0 0
piece 0 0 156 124 74 -3 -30 0
piece 0 0 156 124 74 -121 -30 0
piece 30 208 448 192 114 0 -92 0
piece 30 202 322 106 72 92 -218 0
piece 30 206 394 124 54 70 -146 0
piece 30 312 322 88 70 -87 -94 0
piece 31 0 101 198 226 68 -154 0
piece 31 0 3 400 86 -205 -324 0
piece 30 323 392 54 46 -64 -24 0
piece 31 183 92 217 85 11 -239 0
frame 87 9 -8 -16 8 0 -142 -106 298 104
piece 0 132 157 118 74 -117 -28 0
piece 0 132 157 118 74 -1 -28 0
piece 30 208 448 192 114 -3 -96 0
piece 30 312 322 88 70 -90 -97 0
piece 30 206 394 124 54 67 -150 0
piece 30 202 322 106 72 89 -222 0
piece 31 222 177 178 152 39 -320 0
piece 31 0 332 354 268 -19 -169 0
piece 30 323 392 54 46 -67 -28 0
frame 88 9 -8 -16 8 0 0 0 0 0
piece 0 268 157 118 74 -118 -29 0
piece 0 268 157 118 74 0 -29 0
piece 30 208 448 192 114 0 -94 0
piece 30 206 394 124 54 70 -148 0
piece 30 312 322 88 70 -87 -95 0
piece 32 0 106 400 494 6 -377 0
piece 30 202 322 106 72 92 -220 0
piece 32 0 23 60 70 382 -156 0
piece 30 323 392 54 46 -64 -25 0
frame 89 10 -8 -16 8 0 0 0 0 0
piece 0 0 233 122 80 0 -29 0
piece 0 0 233 122 80 -122 -29 0
piece 30 208 448 192 114 -2 -95 0
piece 30 312 322 88 70 -89 -96 0
piece 30 206 394 124 54 68 -149 0
piece 30 202 322 106 72 90 -221 0
piece 33 0 1 100 154 368 -256 0
piece 33 265 38 64 84 59 -380 0
piece 33 0 160 400 440 -8 -326 0
piece 30 323 392 54 46 -66 -26 0
frame 90 8 -8 -16 8 0 0 0 0 0
piece 0 138 237 118 74 -117 -28 0
piece 0 138 237 118 74 -1 -28 0
piece 30 208 448 192 114 -1 -93 0
piece 30 206 394 124 54 68 -147 0
piece 30 312 322 88 70 -88 -94 0
piece 30 202 322 106 72 90 -219 0
piece 30 323 392 54 46 -65 -24 0
piece 34 1 100 398 500 -20 -384 0
frame 91 8 -8 -16 8 0 0 0 0 0
piece 0 279 240 118 74 -117 -29 0
piece 0 279 240 118 74 -1 -29 0
piece 30 206 394 124 54 69 -149 0
piece 30 208 448 192 114 -1 -95 0
piece 30 312 322 88 70 -88 -96 0
piece 30 202 322 106 72 91 -221 0
piece 30 323 392 54 46 -65 -26 0
piece 35 0 0 398 390 -64 -266 0
frame 92 8 -8 -16 8 0 0 0 0 0
piece 0 0 156 124 74 -3 -30 0
piece 0 0 156 124 74 -121 -30 0
piece 36 0 0 332 230 -14 -154 0
piece 30 206 394 124 54 69 -149 0
piece 30 208 448 192 114 -1 -95 0
piece 30 312 322 88 70 -88 -96 0
piece 30 202 322 106 72 91 -221 0
piece 30 323 392 54 46 -65 -26 0
frame 93 7 -50 -185 60 10 0 0 0 0
piece 0 0 156 124 74 -3 -30 0
piece 0 0 156 124 74 -121 -30 0
piece 37 0 0 106 196 52 -181 0
piece 37 109 3 78 66 11 -234 0
piece 37 190 2 62 72 156 -118 0
piece 37 106 77 132 120 -80 -103 0
piece 36 1 236 284 180 -22 -158 0
frame 94 9 -50 -185 60 10 0 0 0 0
piece 0 132 157 118 74 -117 -28 0
piece 0 132 157 118 74 -1 -28 0
piece 36 0 416 238 184 25 -166 0
piece 37 309 238 91 110 60 -186 0
piece 37 316 348 84 86 60 -76 0
piece 37 257 82 8 34 52 -139 0
piece 37 322 52 74 62 147 -130 0
piece 37 257 0 82 58 -22 -219 0
piece 37 257 116 143 122 -83 -105 0
frame 95 7 -50 -185 60 10 0 0 0 0
piece 0 268 157 118 74 -118 -29 0
piece 0 268 157 118 74 0 -29 0
piece 37 8 279 130 78 45 -183 0
piece 37 61 197 70 82 52 -265 0
piece 37 0 197 60 82 158 -117 0
piece 37 0 359 209 118 -95 -106 0
piece 38 1 0 290 190 -24 -157 0
frame 96 9 -50 -185 60 10 0 0 0 0
piece 0 0 233 122 80 -122 -29 0
piece 0 0 233 122 80 0 -29 0
piece 37 141 295 162 63 -69 -106 0
piece 37 262 238 34 56 -99 -98 0
piece 37 139 199 116 96 -9 -193 0
piece 37 209 362 104 66 101 -192 0
piece 37 0 477 154 68 -62 -45 0
piece 37 274 428 40 14 100 -126 0
piece 38 3 192 250 212 18 -153 0
frame 97 9 -50 -185 60 10 0 0 0 0
piece 37 0 546 154 54 -84 -88 0
piece 37 168 435 108 126 -17 -211 0
piece 0 138 237 118 74 -117 -28 0
piece 0 138 237 118 74 -1 -28 0
piece 37 276 521 58 50 -75 -125 0
piece 37 337 554 44 46 78 -187 0
piece 37 338 490 62 65 120 -235 0
piece 37 283 442 52 56 8 -35 0
piece 37 340 444 58 46 -55 -34 0
clip idle 1 12 0:0.0333 1:0.0333 2:0.0333 3:0.0333 4:0.0333 5:0.0333 6:0.0333 7:0.0333 8:0.0333 9:0.0667 10:0.0667 11:0.0667
clip walk 1 8 12:0.1000 13:0.1000 14:0.1000 15:0.1000 16:0.1000 17:0.1000 18:0.1000 19:0.1000
clip run 1 8 12:0.1000 13:0.1000 14:0.1000 15:0.1000 16:0.1000 17:0.1000 18:0.1000 19:0.1000
clip dash 1 8 12:0.1000 13:0.1000 14:0.1000 15:0.1000 16:0.1000 17:0.1000 18:0.1000 19:0.1000
clip hit 0 10 20:0.0667 21:0.0667 22:0.0667 23:0.0667 24:0.0667 25:0.0667 26:0.0667 27:0.0667 28:0.0667 29:0.0667
clip hit_high 0 10 20:0.0667 21:0.0667 22:0.0667 23:0.0667 24:0.0667 25:0.0667 26:0.0667 27:0.0667 28:0.0667 29:0.0667
clip hit_low 0 10 20:0.0667 21:0.0667 22:0.0667 23:0.0667 24:0.0667 25:0.0667 26:0.0667 27:0.0667 28:0.0667 29:0.0667
clip recovery 0 10 20:0.0667 21:0.0667 22:0.0667 23:0.0667 24:0.0667 25:0.0667 26:0.0667 27:0.0667 28:0.0667 29:0.0667
clip airborne 0 10 20:0.0667 21:0.0667 22:0.0667 23:0.0667 24:0.0667 25:0.0667 26:0.0667 27:0.0667 28:0.0667 29:0.0667
clip air 0 10 20:0.0667 21:0.0667 22:0.0667 23:0.0667 24:0.0667 25:0.0667 26:0.0667 27:0.0667 28:0.0667 29:0.0667
clip knockdown 0 12 30:0.0333 31:0.0333 32:0.0333 33:0.0333 34:0.0333 35:0.0333 36:0.0333 37:0.0333 38:0.0333 39:0.0333 40:0.0333 41:0.0333
clip getup 0 12 41:0.0667 42:0.0667 43:0.0667 44:0.0667 45:0.0667 46:0.0667 47:0.0667 48:0.0667 49:0.0667 50:0.0667 51:0.0667 52:0.0667
clip defeat 0 3 41:0.0333 41:0.0333 41:0.2333
clip victory 1 12 0:0.0667 1:0.0667 2:0.0667 3:0.0667 4:0.0667 5:0.0667 6:0.0667 7:0.0667 8:0.0667 9:0.0667 10:0.0667 11:0.0667
clip intro 0 1 53:0.0333
clip punch1 0 25 54:0.0667 55:0.0667 56:0.0667 57:0.1000 58:0.0333 58:0.1000 59:0.1000 60:0.0667 61:0.0667 62:0.0667 63:0.0667 64:0.0667 65:0.1000 66:0.0667 67:0.1000 68:0.0667 69:0.0667 70:0.0667 71:0.0667 72:0.0667 73:0.0667 74:0.0667 75:0.0667 76:0.0667 0:0.0333
clip kick 0 25 54:0.0667 55:0.0667 56:0.0667 57:0.1000 58:0.0333 58:0.1000 59:0.1000 60:0.0667 61:0.0667 62:0.0667 63:0.0667 64:0.0667 65:0.1000 66:0.0667 67:0.1000 68:0.0667 69:0.0667 70:0.0667 71:0.0667 72:0.0667 73:0.0667 74:0.0667 75:0.0667 76:0.0667 0:0.0333
clip special 0 22 77:0.0667 78:0.0667 79:0.0667 80:0.0667 81:0.0667 82:0.0667 83:0.0667 84:0.0667 85:0.1000 86:0.1000 87:0.1000 88:0.1000 89:0.1000 90:0.1000 91:0.1000 92:0.1000 93:0.0667 94:0.0667 95:0.0667 96:0.0667 97:0.0667 0:0.0333
clip punch2 0 25 54:0.0667 55:0.0667 56:0.0667 57:0.1000 58:0.0333 58:0.1000 59:0.1000 60:0.0667 61:0.0667 62:0.0667 63:0.0667 64:0.0667 65:0.1000 66:0.0667 67:0.1000 68:0.0667 69:0.0667 70:0.0667 71:0.0667 72:0.0667 73:0.0667 74:0.0667 75:0.0667 76:0.0667 0:0.0333
clip punch3 0 25 54:0.0667 55:0.0667 56:0.0667 57:0.1000 58:0.0333 58:0.1000 59:0.1000 60:0.0667 61:0.0667 62:0.0667 63:0.0667 64:0.0667 65:0.1000 66:0.0667 67:0.1000 68:0.0667 69:0.0667 70:0.0667 71:0.0667 72:0.0667 73:0.0667 74:0.0667 75:0.0667 76:0.0667 0:0.0333
clip atk1 0 25 54:0.0667 55:0.0667 56:0.0667 57:0.1000 58:0.0333 58:0.1000 59:0.1000 60:0.0667 61:0.0667 62:0.0667 63:0.0667 64:0.0667 65:0.1000 66:0.0667 67:0.1000 68:0.0667 69:0.0667 70:0.0667 71:0.0667 72:0.0667 73:0.0667 74:0.0667 75:0.0667 76:0.0667 0:0.0333
clip atk2 0 25 54:0.0667 55:0.0667 56:0.0667 57:0.1000 58:0.0333 58:0.1000 59:0.1000 60:0.0667 61:0.0667 62:0.0667 63:0.0667 64:0.0667 65:0.1000 66:0.0667 67:0.1000 68:0.0667 69:0.0667 70:0.0667 71:0.0667 72:0.0667 73:0.0667 74:0.0667 75:0.0667 76:0.0667 0:0.0333
clip atk3 0 25 54:0.0667 55:0.0667 56:0.0667 57:0.1000 58:0.0333 58:0.1000 59:0.1000 60:0.0667 61:0.0667 62:0.0667 63:0.0667 64:0.0667 65:0.1000 66:0.0667 67:0.1000 68:0.0667 69:0.0667 70:0.0667 71:0.0667 72:0.0667 73:0.0667 74:0.0667 75:0.0667 76:0.0667 0:0.0333
clip atk4 0 25 54:0.0667 55:0.0667 56:0.0667 57:0.1000 58:0.0333 58:0.1000 59:0.1000 60:0.0667 61:0.0667 62:0.0667 63:0.0667 64:0.0667 65:0.1000 66:0.0667 67:0.1000 68:0.0667 69:0.0667 70:0.0667 71:0.0667 72:0.0667 73:0.0667 74:0.0667 75:0.0667 76:0.0667 0:0.0333
clip energy 0 22 77:0.0667 78:0.0667 79:0.0667 80:0.0667 81:0.0667 82:0.0667 83:0.0667 84:0.0667 85:0.1000 86:0.1000 87:0.1000 88:0.1000 89:0.1000 90:0.1000 91:0.1000 92:0.1000 93:0.0667 94:0.0667 95:0.0667 96:0.0667 97:0.0667 0:0.0333
clip dash_attack 0 22 77:0.0667 78:0.0667 79:0.0667 80:0.0667 81:0.0667 82:0.0667 83:0.0667 84:0.0667 85:0.1000 86:0.1000 87:0.1000 88:0.1000 89:0.1000 90:0.1000 91:0.1000 92:0.1000 93:0.0667 94:0.0667 95:0.0667 96:0.0667 97:0.0667 0:0.0333
clip rage_attack 0 22 77:0.0667 78:0.0667 79:0.0667 80:0.0667 81:0.0667 82:0.0667 83:0.0667 84:0.0667 85:0.1000 86:0.1000 87:0.1000 88:0.1000 89:0.1000 90:0.1000 91:0.1000 92:0.1000 93:0.0667 94:0.0667 95:0.0667 96:0.0667 97:0.0667 0:0.0333
clip finisher 0 22 77:0.0667 78:0.0667 79:0.0667 80:0.0667 81:0.0667 82:0.0667 83:0.0667 84:0.0667 85:0.1000 86:0.1000 87:0.1000 88:0.1000 89:0.1000 90:0.1000 91:0.1000 92:0.1000 93:0.0667 94:0.0667 95:0.0667 96:0.0667 97:0.0667 0:0.0333
clip super 0 22 77:0.0667 78:0.0667 79:0.0667 80:0.0667 81:0.0667 82:0.0667 83:0.0667 84:0.0667 85:0.1000 86:0.1000 87:0.1000 88:0.1000 89:0.1000 90:0.1000 91:0.1000 92:0.1000 93:0.0667 94:0.0667 95:0.0667 96:0.0667 97:0.0667 0:0.0333
clip block 1 12 0:0.0333 1:0.0333 2:0.0333 3:0.0333 4:0.0333 5:0.0333 6:0.0333 7:0.0333 8:0.0333 9:0.0667 10:0.0667 11:0.0667
ability punch1 ATAQUE
ability kick ATAQUE 2
ability special TECNICA
sound hurt sound39
sound die sound40
