# BETA: CLIMA DEL BARCO (LLUVIA/RAYOS/OLAS) (generado por tools/beta/build_beta_characters.py)
character fx_barco fx 0
name CLIMA DEL BARCO (LLUVIA/RAYOS/OLAS)
image 0 214
image 1 215
image 2 216
image 3 217
image 4 228
image 5 229
image 6 230
image 7 231
image 8 367
image 9 170
image 10 171
image 11 172
image 12 173
image 13 174
image 14 264
frame 0 1 -297 -26 294 -21 0 0 0 0
piece 0 0 0 494 480 -251 -491 0
frame 1 1 -297 -26 294 -21 0 0 0 0
piece 1 0 0 495 480 -251 -491 0
frame 2 1 -297 -26 294 -21 0 0 0 0
piece 2 0 0 495 480 -251 -491 0
frame 3 1 -297 -26 294 -21 0 0 0 0
piece 3 0 0 495 480 -251 -491 0
frame 4 1 -297 -26 294 -21 0 0 0 0
piece 4 0 0 495 202 -251 -4 0
frame 5 1 -297 -26 294 -21 0 0 0 0
piece 5 0 0 495 202 -251 -4 0
frame 6 1 -297 -26 294 -21 0 0 0 0
piece 6 0 0 495 202 -251 -4 0
frame 7 1 -297 -26 294 -21 0 0 0 0
piece 7 0 0 495 202 -251 -4 0
frame 8 1 -8 -16 8 0 0 0 0 0
piece 8 0 0 48 48 -22 -26 0
frame 9 1 -297 -26 294 -21 0 0 0 0
piece 9 0 0 292 80 -144 -19 0
frame 10 1 -297 -26 294 -21 0 0 0 0
piece 9 0 76 292 164 -144 -108 0
frame 11 1 -297 -26 294 -21 0 0 0 0
piece 9 0 241 292 170 -144 -115 0
frame 12 1 -297 -26 294 -21 0 0 0 0
piece 9 0 411 292 188 -151 -123 0
frame 13 1 -297 -26 294 -21 0 0 0 0
piece 10 0 0 272 172 -144 -116 0
frame 14 1 -297 -26 294 -21 0 0 0 0
piece 10 0 177 272 240 -144 -135 0
frame 15 1 -297 -26 294 -21 0 0 0 0
piece 11 0 5 266 192 -145 -108 0
frame 16 1 -297 -26 294 -21 0 0 0 0
piece 11 0 203 266 148 -145 -60 0
frame 17 1 -297 -26 294 -21 0 0 0 0
piece 11 0 352 264 122 -144 -53 0
frame 18 1 -297 -26 294 -21 0 0 0 0
piece 12 0 2 266 112 -145 -45 0
frame 19 1 -297 -26 294 -21 0 0 0 0
piece 12 0 126 270 100 -144 -41 0
frame 20 1 -297 -26 294 -21 0 0 0 0
piece 13 0 15 262 106 -144 -44 0
frame 21 1 -297 -26 294 -21 0 0 0 0
piece 13 0 126 262 110 -145 -47 0
frame 22 1 -213 -114 195 115 0 0 0 0
piece 8 0 0 48 48 -24 -24 0
frame 23 1 -297 -26 294 -21 0 0 0 0
piece 14 0 0 130 120 -77 -82 0
frame 24 1 -297 -26 294 -21 0 0 0 0
piece 14 130 0 130 120 -67 -82 0
frame 25 1 -297 -26 294 -21 0 0 0 0
piece 14 263 0 130 120 -62 -82 0
frame 26 1 -297 -26 294 -21 0 0 0 0
piece 14 0 120 130 122 -77 -73 0
frame 27 1 -297 -26 294 -21 0 0 0 0
piece 14 131 120 130 122 -66 -73 0
frame 28 1 -297 -26 294 -21 0 0 0 0
piece 14 263 120 130 122 -62 -73 0
frame 29 1 -297 -26 294 -21 0 0 0 0
piece 14 0 242 130 124 -77 -61 0
frame 30 1 -297 -26 294 -21 0 0 0 0
piece 14 131 242 130 124 -66 -62 0
clip a0 0 4 0:0.0667 1:0.0667 2:0.0667 3:0.0667
clip a1 0 4 4:0.0667 5:0.0667 6:0.0667 7:0.0667
clip a2 0 1 8:0.0333
clip a3 0 1 8:0.0333
clip a4 0 1 8:0.0333
clip a5 0 1 8:0.0333
clip a6 0 1 8:0.0333
clip a7 0 1 8:0.0333
clip a8 0 1 8:0.0333
clip a9 0 1 8:0.0333
clip a10 0 1 8:0.0333
clip a11 0 14 9:0.1000 10:0.1000 11:0.1000 12:0.1000 13:0.1000 14:0.1000 15:0.1000 16:0.1000 17:0.1000 18:0.1000 19:0.1000 20:0.1000 21:0.1000 22:0.3333
clip a12 0 14 9:0.0667 10:0.0667 11:0.0667 12:0.0667 13:0.0667 14:0.0667 15:0.0667 16:0.0667 17:0.0667 18:0.0667 19:0.0667 20:0.0667 21:0.0667 22:0.1667
clip a13 0 14 9:0.0667 10:0.0667 11:0.0667 12:0.0667 13:0.0667 14:0.0667 15:0.0667 16:0.0667 17:0.0667 18:0.0667 19:0.0667 20:0.0667 21:0.0667 22:1.2000
clip a14 0 14 9:0.0667 10:0.0667 11:0.0667 12:0.0667 13:0.0667 14:0.0667 15:0.0667 16:0.0667 17:0.0667 18:0.0667 19:0.0667 20:0.0667 21:0.0667 22:0.3333
clip a15 0 8 23:0.0667 24:0.0667 25:0.0667 26:0.0667 27:0.0667 28:0.0667 29:0.0667 30:0.0667
clip a16 0 1 8:0.0333
clip idle 0 4 0:0.0667 1:0.0667 2:0.0667 3:0.0667
