# BETA: HUMO DE MUERTE (generado por tools/beta/build_beta_characters.py)
character fx_humo_muerte fx 0
name HUMO DE MUERTE
image 0 181
image 1 182
image 2 183
image 3 184
image 4 185
image 5 186
frame 0 1 -8 -16 8 0 0 0 0 0
piece 0 0 0 346 171 -129 -102 0
frame 1 1 -8 -16 8 0 0 0 0 0
piece 0 0 171 346 200 -138 -120 0
frame 2 1 -8 -16 8 0 0 0 0 0
piece 0 0 371 346 197 -140 -111 0
frame 3 1 -8 -16 8 0 0 0 0 0
piece 1 0 0 400 218 -144 -117 0
frame 4 1 -8 -16 8 0 0 0 0 0
piece 1 0 218 400 231 -152 -126 0
frame 5 2 -8 -16 8 0 0 0 0 0
piece 1 0 449 400 151 -163 -41 0
piece 2 0 0 400 104 -144 -144 0
frame 6 1 -8 -16 8 0 0 0 0 0
piece 2 0 104 400 261 -166 -153 0
frame 7 1 -8 -16 8 0 0 0 0 0
piece 2 0 365 400 235 -165 -155 0
frame 8 1 -8 -16 8 0 0 0 0 0
piece 3 0 0 400 272 -142 -161 0
frame 9 1 -8 -16 8 0 0 0 0 0
piece 3 0 272 400 272 -163 -164 0
frame 10 1 -8 -16 8 0 0 0 0 0
piece 4 0 0 400 235 -158 -147 0
frame 11 1 -8 -16 8 0 0 0 0 0
piece 4 0 235 400 233 -130 -146 0
frame 12 1 -8 -16 8 0 0 0 0 0
piece 5 0 0 232 119 0 -91 0
frame 13 1 -8 -16 8 0 0 0 0 0
piece 5 0 119 232 119 7 -124 0
frame 14 1 -8 -16 8 0 0 0 0 0
piece 5 0 246 232 119 39 -172 0
clip a0 0 15 0:0.0667 1:0.0667 2:0.0667 3:0.0667 4:0.0667 5:0.0667 6:0.0667 7:0.0667 8:0.0667 9:0.0667 10:0.0667 11:0.0667 12:0.0667 13:0.0667 14:0.0667
clip idle 0 15 0:0.0667 1:0.0667 2:0.0667 3:0.0667 4:0.0667 5:0.0667 6:0.0667 7:0.0667 8:0.0667 9:0.0667 10:0.0667 11:0.0667 12:0.0667 13:0.0667 14:0.0667
