# BETA: EFECTOS DE POSEIDON (generado por tools/beta/build_beta_characters.py)
character fx_poseidon fx 0
name EFECTOS DE POSEIDON
image 0 47
image 1 48
image 2 49
image 3 51
image 4 52
image 5 53
image 6 55
image 7 56
image 8 57
image 9 58
image 10 60
image 11 99
image 12 97
image 13 98
frame 0 2 0 0 0 0 0 0 0 0
piece 0 0 6 400 526 -231 -422 0
piece 1 0 176 124 262 169 -158 0
frame 1 2 0 0 0 0 0 0 0 0
piece 2 0 0 260 558 34 -448 0
piece 1 134 0 266 546 -232 -448 0
frame 2 2 0 0 0 0 -198 -94 296 116
piece 3 0 0 400 521 -231 -415 0
piece 4 0 46 124 254 169 -153 0
frame 3 4 0 0 0 0 0 0 0 0
piece 5 0 0 266 280 43 -171 0
piece 4 122 0 168 300 -125 -421 0
piece 4 9 304 286 218 -243 -121 0
piece 5 271 0 129 254 43 -425 0
frame 4 3 0 0 0 0 0 0 0 0
piece 6 0 0 400 229 -93 -126 0
piece 5 0 290 132 310 -225 -221 0
piece 5 140 318 260 282 -94 -408 0
frame 5 2 0 0 0 0 0 0 0 0
piece 6 0 242 400 358 -106 -253 0
piece 7 0 0 126 188 -232 -73 0
frame 6 2 0 0 0 0 0 0 0 0
piece 7 0 197 400 270 -232 -167 0
piece 7 200 0 140 196 168 -91 0
frame 7 2 0 0 0 0 0 0 0 0
piece 8 0 0 400 246 -232 -146 0
piece 8 0 261 122 222 168 -105 0
frame 8 2 0 0 0 0 0 0 0 0
piece 8 126 254 274 230 -232 -133 0
piece 9 0 0 266 236 42 -126 0
frame 9 2 0 0 0 0 0 0 0 0
piece 9 0 249 400 260 -232 -157 0
piece 9 274 0 126 244 168 -122 0
frame 10 2 0 0 0 0 0 0 0 0
piece 10 0 0 400 192 -232 -96 0
piece 10 0 194 124 172 168 -62 0
frame 11 2 0 0 0 0 0 0 0 0
piece 10 133 201 267 201 -225 -107 0
piece 10 0 395 246 205 42 -102 0
frame 12 1 -142 -65 136 91 0 0 0 0
piece 11 3 396 20 24 -10 -12 0
frame 13 2 0 0 0 0 0 0 0 0
piece 12 0 0 400 600 -342 -567 0
piece 12 0 0 400 600 -230 -497 0
frame 14 3 0 0 0 0 -161 -68 161 99
piece 13 0 0 236 348 -204 -329 0
piece 13 0 0 236 348 -91 -259 0
piece 12 0 0 400 600 -389 -459 0
frame 15 4 0 0 0 0 0 0 0 0
piece 13 0 350 236 304 -203 -291 0
piece 13 0 350 236 304 -89 -221 0
piece 13 0 0 236 348 -250 -221 0
piece 12 0 0 400 600 -76 -564 0
frame 16 5 0 0 0 0 0 0 0 0
piece 11 0 0 254 220 -214 -207 0
piece 11 0 0 254 220 -100 -137 0
piece 13 0 350 236 304 -248 -183 0
piece 13 0 0 236 348 63 -326 0
piece 12 0 0 400 600 -103 -474 0
frame 17 5 0 0 0 0 -161 -68 161 99
piece 11 0 220 254 170 -223 -160 0
piece 11 0 220 254 170 -109 -90 0
piece 11 0 0 254 220 -259 -99 0
piece 13 0 350 236 304 75 -288 0
piece 13 0 0 236 348 36 -236 0
frame 18 6 0 0 0 0 0 0 0 0
piece 11 24 391 226 86 -198 -80 0
piece 11 24 391 226 86 -84 -10 0
piece 11 0 220 254 170 -268 -52 0
piece 11 0 0 254 220 54 -204 0
piece 13 0 350 236 304 38 -198 0
piece 13 0 0 236 348 -106 -268 0
frame 19 4 0 0 0 0 0 0 0 0
piece 11 24 391 226 86 -243 28 0
piece 11 0 220 254 170 45 -157 0
piece 11 0 0 254 220 27 -114 0
piece 13 0 350 236 304 -104 -230 0
frame 20 3 0 0 0 0 0 0 0 0
piece 11 24 391 226 86 70 -77 0
piece 11 0 220 254 170 18 -67 0
piece 11 0 0 254 220 -115 -146 0
frame 21 2 0 0 0 0 0 0 0 0
piece 11 24 391 226 86 43 13 0
piece 11 0 220 254 170 -124 -99 0
clip a0 0 12 0:0.1000 1:0.1000 2:0.1333 3:0.1000 4:0.0667 5:0.0667 6:0.0667 7:0.0667 8:0.0667 9:0.0667 10:0.0667 11:0.0667
clip a1 0 1 12:0.0333
clip a2 0 6 13:0.1000 14:0.1000 15:0.1000 16:0.1000 17:0.1000 18:0.1000
clip a3 0 3 19:0.1000 20:0.1000 21:0.1000
clip a4 0 1 12:0.0333
clip idle 0 12 0:0.1000 1:0.1000 2:0.1333 3:0.1000 4:0.0667 5:0.0667 6:0.0667 7:0.0667 8:0.0667 9:0.0667 10:0.0667 11:0.0667
