# BETA: AVISO DE AREA DE ATAQUE (JEFES Y ELITES) (generado por tools/beta/build_beta_characters.py)
character fx_rango fx 0
name AVISO DE AREA DE ATAQUE (JEFES Y ELITES)
image 0 129
image 1 130
image 2 310
image 3 311
frame 0 4 -8 -16 8 0 0 0 0 0
piece 0 0 0 302 62 -197 -61 0
piece 0 0 0 302 62 105 -1 2
piece 0 0 0 302 62 105 -61 4
piece 0 0 0 302 62 -197 -1 5
frame 1 4 -8 -16 8 0 0 0 0 0
piece 0 1 63 302 62 -195 -61 0
piece 0 1 63 302 62 105 -1 2
piece 0 1 63 302 62 105 -61 4
piece 0 1 63 302 62 -195 -1 5
frame 2 4 -8 -16 8 0 0 0 0 0
piece 0 1 126 302 62 -195 -61 0
piece 0 1 126 302 62 105 -1 2
piece 0 1 126 302 62 105 -61 4
piece 0 1 126 302 62 -195 -1 5
frame 3 4 -8 -16 8 0 0 0 0 0
piece 0 0 189 304 62 -197 -61 0
piece 0 0 189 304 62 105 -1 2
piece 0 0 189 304 62 105 -61 4
piece 0 0 189 304 62 -197 -1 5
frame 4 4 -8 -16 8 0 0 0 0 0
piece 0 0 252 302 62 -196 -61 0
piece 0 0 252 302 62 106 -1 2
piece 0 0 252 302 62 106 -61 4
piece 0 0 252 302 62 -196 -1 5
frame 5 4 -8 -16 8 0 0 0 0 0
piece 0 0 315 304 62 -197 -61 0
piece 0 0 315 304 62 105 -1 2
piece 0 0 315 304 62 105 -61 4
piece 0 0 315 304 62 -197 -1 5
frame 6 4 -8 -16 8 0 0 0 0 0
piece 0 0 378 304 62 -197 -62 0
piece 0 0 378 304 62 105 0 2
piece 0 0 378 304 62 105 -62 4
piece 0 0 378 304 62 -197 0 5
frame 7 4 -8 -16 8 0 0 0 0 0
piece 0 0 442 302 62 -196 -61 0
piece 0 0 442 302 62 106 -1 2
piece 0 0 442 302 62 106 -61 4
piece 0 0 442 302 62 -196 -1 5
frame 8 4 -8 -16 8 0 0 0 0 0
piece 0 0 505 304 62 -197 -61 0
piece 0 0 505 304 62 105 -1 2
piece 0 0 505 304 62 105 -61 4
piece 0 0 505 304 62 -197 -1 5
frame 9 4 -8 -16 8 0 0 0 0 0
piece 1 0 0 302 62 -196 -61 0
piece 1 0 0 302 62 106 -1 2
piece 1 0 0 302 62 106 -61 4
piece 1 0 0 302 62 -196 -1 5
frame 10 4 -8 -16 8 0 0 0 0 0
piece 1 0 62 302 62 -196 -61 0
piece 1 0 62 302 62 106 -1 2
piece 1 0 62 302 62 106 -61 4
piece 1 0 62 302 62 -196 -1 5
frame 11 4 -8 -16 8 0 0 0 0 0
piece 1 0 125 302 60 -196 -60 0
piece 1 0 125 302 60 106 0 2
piece 1 0 125 302 60 106 -60 4
piece 1 0 125 302 60 -196 0 5
frame 12 2 -8 -16 8 0 0 0 0 0
piece 2 0 0 322 34 14 -32 0
piece 2 0 0 322 34 14 -2 5
frame 13 2 -8 -16 8 0 0 0 0 0
piece 2 0 34 322 34 14 -30 0
piece 2 0 34 322 34 14 -4 5
frame 14 2 -8 -16 8 0 0 0 0 0
piece 2 0 68 322 30 14 -28 0
piece 2 0 68 322 30 14 -2 5
frame 15 2 -8 -16 8 0 0 0 0 0
piece 2 0 98 322 30 17 -28 0
piece 2 0 98 322 30 17 -2 5
frame 16 2 -8 -16 8 0 0 0 0 0
piece 2 0 128 322 30 14 -28 0
piece 2 0 128 322 30 14 -2 5
frame 17 2 -8 -16 8 0 0 0 0 0
piece 2 0 158 322 30 14 -28 0
piece 2 0 158 322 30 14 -2 5
frame 18 2 -8 -16 8 0 0 0 0 0
piece 2 0 188 322 30 14 -28 0
piece 2 0 188 322 30 14 -2 5
frame 19 2 -8 -16 8 0 0 0 0 0
piece 2 0 218 322 30 14 -28 0
piece 2 0 218 322 30 14 -2 5
frame 20 2 -8 -16 8 0 0 0 0 0
piece 2 0 248 322 30 14 -28 0
piece 2 0 248 322 30 14 -2 5
frame 21 2 -8 -16 8 0 0 0 0 0
piece 2 0 278 322 30 14 -28 0
piece 2 0 278 322 30 14 -2 5
frame 22 2 -8 -16 8 0 0 0 0 0
piece 2 0 308 322 30 14 -28 0
piece 2 0 308 322 30 14 -2 5
frame 23 2 -8 -16 8 0 0 0 0 0
piece 2 0 338 322 30 14 -28 0
piece 2 0 338 322 30 14 -2 5
frame 24 2 -8 -16 8 0 0 0 0 0
piece 2 0 0 322 34 -12 -32 0
piece 2 0 0 322 34 -12 -2 5
frame 25 2 -8 -16 8 0 0 0 0 0
piece 2 0 34 322 34 -12 -30 0
piece 2 0 34 322 34 -12 -4 5
frame 26 2 -8 -16 8 0 0 0 0 0
piece 2 0 68 322 30 -12 -28 0
piece 2 0 68 322 30 -12 -2 5
frame 27 2 -8 -16 8 0 0 0 0 0
piece 2 0 98 322 30 -9 -28 0
piece 2 0 98 322 30 -9 -2 5
frame 28 2 -8 -16 8 0 0 0 0 0
piece 2 0 128 322 30 -12 -28 0
piece 2 0 128 322 30 -12 -2 5
frame 29 2 -8 -16 8 0 0 0 0 0
piece 2 0 158 322 30 -12 -28 0
piece 2 0 158 322 30 -12 -2 5
frame 30 2 -8 -16 8 0 0 0 0 0
piece 2 0 188 322 30 -12 -28 0
piece 2 0 188 322 30 -12 -2 5
frame 31 2 -8 -16 8 0 0 0 0 0
piece 2 0 218 322 30 -12 -28 0
piece 2 0 218 322 30 -12 -2 5
frame 32 2 -8 -16 8 0 0 0 0 0
piece 2 0 248 322 30 -12 -28 0
piece 2 0 248 322 30 -12 -2 5
frame 33 2 -8 -16 8 0 0 0 0 0
piece 2 0 278 322 30 -12 -28 0
piece 2 0 278 322 30 -12 -2 5
frame 34 2 -8 -16 8 0 0 0 0 0
piece 2 0 308 322 30 -12 -28 0
piece 2 0 308 322 30 -12 -2 5
frame 35 2 -8 -16 8 0 0 0 0 0
piece 2 0 338 322 30 -12 -28 0
piece 2 0 338 322 30 -12 -2 5
frame 36 4 -8 -16 8 0 0 0 0 0
piece 0 0 0 302 62 -76 -61 0
piece 0 0 0 302 62 226 -1 2
piece 0 0 0 302 62 226 -61 4
piece 0 0 0 302 62 -76 -1 5
frame 37 4 -8 -16 8 0 0 0 0 0
piece 0 1 63 302 62 -76 -61 0
piece 0 1 63 302 62 224 -1 2
piece 0 1 63 302 62 224 -61 4
piece 0 1 63 302 62 -76 -1 5
frame 38 4 -8 -16 8 0 0 0 0 0
piece 0 1 126 302 62 -76 -61 0
piece 0 1 126 302 62 224 -1 2
piece 0 1 126 302 62 224 -61 4
piece 0 1 126 302 62 -76 -1 5
frame 39 4 -8 -16 8 0 0 0 0 0
piece 0 0 189 304 62 -77 -61 0
piece 0 0 189 304 62 225 -1 2
piece 0 0 189 304 62 225 -61 4
piece 0 0 189 304 62 -77 -1 5
frame 40 4 -8 -16 8 0 0 0 0 0
piece 0 0 252 302 62 -76 -61 0
piece 0 0 252 302 62 226 -1 2
piece 0 0 252 302 62 226 -61 4
piece 0 0 252 302 62 -76 -1 5
frame 41 4 -8 -16 8 0 0 0 0 0
piece 0 0 315 304 62 -77 -61 0
piece 0 0 315 304 62 225 -1 2
piece 0 0 315 304 62 225 -61 4
piece 0 0 315 304 62 -77 -1 5
frame 42 4 -8 -16 8 0 0 0 0 0
piece 0 0 378 304 62 -77 -62 0
piece 0 0 378 304 62 225 0 2
piece 0 0 378 304 62 225 -62 4
piece 0 0 378 304 62 -77 0 5
frame 43 4 -8 -16 8 0 0 0 0 0
piece 0 0 442 302 62 -76 -61 0
piece 0 0 442 302 62 226 -1 2
piece 0 0 442 302 62 226 -61 4
piece 0 0 442 302 62 -76 -1 5
frame 44 4 -8 -16 8 0 0 0 0 0
piece 0 0 505 304 62 -77 -61 0
piece 0 0 505 304 62 225 -1 2
piece 0 0 505 304 62 225 -61 4
piece 0 0 505 304 62 -77 -1 5
frame 45 4 -8 -16 8 0 0 0 0 0
piece 1 0 0 302 62 -77 -61 0
piece 1 0 0 302 62 225 -1 2
piece 1 0 0 302 62 225 -61 4
piece 1 0 0 302 62 -77 -1 5
frame 46 4 -8 -16 8 0 0 0 0 0
piece 1 0 62 302 62 -77 -61 0
piece 1 0 62 302 62 225 -1 2
piece 1 0 62 302 62 225 -61 4
piece 1 0 62 302 62 -77 -1 5
frame 47 4 -8 -16 8 0 0 0 0 0
piece 1 0 125 302 60 -77 -60 0
piece 1 0 125 302 60 225 0 2
piece 1 0 125 302 60 225 -60 4
piece 1 0 125 302 60 -77 0 5
frame 48 2 -8 -16 8 0 0 0 0 0
piece 2 48 0 274 34 0 -32 0
piece 2 48 338 274 30 0 -2 5
frame 49 2 -8 -16 8 0 0 0 0 0
piece 2 48 34 274 34 0 -30 0
piece 2 48 34 274 34 0 -4 5
frame 50 2 -8 -16 8 0 0 0 0 0
piece 2 48 68 274 30 0 -28 0
piece 2 48 68 274 30 0 -2 5
frame 51 2 -8 -16 8 0 0 0 0 0
piece 2 43 98 274 30 -1 -28 0
piece 2 43 98 274 30 -1 -2 5
frame 52 2 -8 -16 8 0 0 0 0 0
piece 2 48 128 274 30 0 -28 0
piece 2 48 128 274 30 0 -2 5
frame 53 2 -8 -16 8 0 0 0 0 0
piece 2 48 158 274 30 0 -28 0
piece 2 48 158 274 30 0 -2 5
frame 54 2 -8 -16 8 0 0 0 0 0
piece 2 48 188 274 30 0 -28 0
piece 2 48 188 274 30 0 -2 5
frame 55 2 -8 -16 8 0 0 0 0 0
piece 2 48 218 274 30 0 -28 0
piece 2 48 218 274 30 0 -2 5
frame 56 2 -8 -16 8 0 0 0 0 0
piece 2 48 248 274 30 0 -28 0
piece 2 48 248 274 30 0 -2 5
frame 57 2 -8 -16 8 0 0 0 0 0
piece 2 48 278 274 30 0 -28 0
piece 2 48 278 274 30 0 -2 5
frame 58 2 -8 -16 8 0 0 0 0 0
piece 2 48 308 274 30 0 -28 0
piece 2 48 308 274 30 0 -2 5
frame 59 2 -8 -16 8 0 0 0 0 0
piece 2 48 338 274 30 0 -28 0
piece 2 48 338 274 30 0 -2 5
frame 60 11 -8 -16 8 0 0 0 0 0
piece 3 127 0 92 150 -144 -74 0
piece 3 90 145 122 150 368 -75 0
piece 3 1 141 60 150 128 -74 0
piece 3 1 141 60 150 188 -74 0
piece 3 1 141 60 150 248 -74 0
piece 3 1 141 60 150 308 -74 0
piece 3 1 141 60 150 68 -74 0
piece 3 1 141 60 150 8 -74 0
piece 3 1 141 60 150 -52 -74 0
piece 3 0 0 126 134 -120 -61 0
piece 3 0 0 126 134 237 -61 0
frame 61 11 -8 -16 8 0 0 0 0 0
piece 3 127 0 92 150 -144 -74 0
piece 3 90 145 122 150 368 -75 0
piece 3 1 141 60 150 128 -74 0
piece 3 1 141 60 150 188 -74 0
piece 3 1 141 60 150 248 -74 0
piece 3 1 141 60 150 308 -74 0
piece 3 1 141 60 150 68 -74 0
piece 3 1 141 60 150 8 -74 0
piece 3 1 141 60 150 -52 -74 0
piece 3 0 0 126 134 -77 -61 0
piece 3 0 0 126 134 273 -61 0
frame 62 11 -8 -16 8 0 0 0 0 0
piece 3 127 0 92 150 -144 -74 0
piece 3 90 145 122 150 368 -75 0
piece 3 1 141 60 150 128 -74 0
piece 3 1 141 60 150 188 -74 0
piece 3 1 141 60 150 248 -74 0
piece 3 1 141 60 150 308 -74 0
piece 3 1 141 60 150 68 -74 0
piece 3 1 141 60 150 8 -74 0
piece 3 1 141 60 150 -52 -74 0
piece 3 0 0 126 134 -35 -61 0
piece 3 0 0 126 134 311 -61 0
frame 63 11 -8 -16 8 0 0 0 0 0
piece 3 127 0 92 150 -144 -74 0
piece 3 90 145 122 150 368 -75 0
piece 3 1 141 60 150 128 -74 0
piece 3 1 141 60 150 188 -74 0
piece 3 1 141 60 150 248 -74 0
piece 3 1 141 60 150 308 -74 0
piece 3 1 141 60 150 68 -74 0
piece 3 1 141 60 150 8 -74 0
piece 3 1 141 60 150 -52 -74 0
piece 3 0 0 126 134 7 -61 0
piece 3 0 0 126 134 -120 -61 0
frame 64 11 -8 -16 8 0 0 0 0 0
piece 3 127 0 92 150 -144 -74 0
piece 3 90 145 122 150 368 -75 0
piece 3 1 141 60 150 128 -74 0
piece 3 1 141 60 150 188 -74 0
piece 3 1 141 60 150 248 -74 0
piece 3 1 141 60 150 308 -74 0
piece 3 1 141 60 150 68 -74 0
piece 3 1 141 60 150 8 -74 0
piece 3 1 141 60 150 -52 -74 0
piece 3 0 0 126 134 48 -61 0
piece 3 0 0 126 134 -77 -61 0
frame 65 11 -8 -16 8 0 0 0 0 0
piece 3 127 0 92 150 -144 -74 0
piece 3 90 145 122 150 368 -75 0
piece 3 1 141 60 150 128 -74 0
piece 3 1 141 60 150 188 -74 0
piece 3 1 141 60 150 248 -74 0
piece 3 1 141 60 150 308 -74 0
piece 3 1 141 60 150 68 -74 0
piece 3 1 141 60 150 8 -74 0
piece 3 1 141 60 150 -52 -74 0
piece 3 0 0 126 134 87 -61 0
piece 3 0 0 126 134 -35 -61 0
frame 66 11 -8 -16 8 0 0 0 0 0
piece 3 127 0 92 150 -144 -74 0
piece 3 90 145 122 150 368 -75 0
piece 3 1 141 60 150 128 -74 0
piece 3 1 141 60 150 188 -74 0
piece 3 1 141 60 150 248 -74 0
piece 3 1 141 60 150 308 -74 0
piece 3 1 141 60 150 68 -74 0
piece 3 1 141 60 150 8 -74 0
piece 3 1 141 60 150 -52 -74 0
piece 3 0 0 126 134 125 -61 0
piece 3 0 0 126 134 7 -61 0
frame 67 11 -8 -16 8 0 0 0 0 0
piece 3 127 0 92 150 -144 -74 0
piece 3 90 145 122 150 368 -75 0
piece 3 1 141 60 150 128 -74 0
piece 3 1 141 60 150 188 -74 0
piece 3 1 141 60 150 248 -74 0
piece 3 1 141 60 150 308 -74 0
piece 3 1 141 60 150 68 -74 0
piece 3 1 141 60 150 8 -74 0
piece 3 1 141 60 150 -52 -74 0
piece 3 0 0 126 134 161 -61 0
piece 3 0 0 126 134 48 -61 0
frame 68 11 -8 -16 8 0 0 0 0 0
piece 3 127 0 92 150 -144 -74 0
piece 3 90 145 122 150 368 -75 0
piece 3 1 141 60 150 128 -74 0
piece 3 1 141 60 150 188 -74 0
piece 3 1 141 60 150 248 -74 0
piece 3 1 141 60 150 308 -74 0
piece 3 1 141 60 150 68 -74 0
piece 3 1 141 60 150 8 -74 0
piece 3 1 141 60 150 -52 -74 0
piece 3 0 0 126 134 199 -61 0
piece 3 0 0 126 134 87 -61 0
frame 69 11 -8 -16 8 0 0 0 0 0
piece 3 127 0 92 150 -144 -74 0
piece 3 90 145 122 150 368 -75 0
piece 3 1 141 60 150 128 -74 0
piece 3 1 141 60 150 188 -74 0
piece 3 1 141 60 150 248 -74 0
piece 3 1 141 60 150 308 -74 0
piece 3 1 141 60 150 68 -74 0
piece 3 1 141 60 150 8 -74 0
piece 3 1 141 60 150 -52 -74 0
piece 3 0 0 126 134 237 -61 0
piece 3 0 0 126 134 125 -61 0
frame 70 11 -8 -16 8 0 0 0 0 0
piece 3 127 0 92 150 -144 -74 0
piece 3 90 145 122 150 368 -75 0
piece 3 1 141 60 150 128 -74 0
piece 3 1 141 60 150 188 -74 0
piece 3 1 141 60 150 248 -74 0
piece 3 1 141 60 150 308 -74 0
piece 3 1 141 60 150 68 -74 0
piece 3 1 141 60 150 8 -74 0
piece 3 1 141 60 150 -52 -74 0
piece 3 0 0 126 134 273 -61 0
piece 3 0 0 126 134 161 -61 0
frame 71 11 -8 -16 8 0 0 0 0 0
piece 3 127 0 92 150 -144 -74 0
piece 3 90 145 122 150 368 -75 0
piece 3 1 141 60 150 128 -74 0
piece 3 1 141 60 150 188 -74 0
piece 3 1 141 60 150 248 -74 0
piece 3 1 141 60 150 308 -74 0
piece 3 1 141 60 150 68 -74 0
piece 3 1 141 60 150 8 -74 0
piece 3 1 141 60 150 -52 -74 0
piece 3 0 0 126 134 311 -61 0
piece 3 0 0 126 134 199 -61 0
frame 72 2 -8 -16 8 0 0 0 0 0
piece 2 0 0 322 34 -16 -32 0
piece 2 0 0 322 34 -16 -2 5
frame 73 2 -8 -16 8 0 0 0 0 0
piece 2 0 34 322 34 -16 -30 0
piece 2 0 34 322 34 -16 -4 5
frame 74 2 -8 -16 8 0 0 0 0 0
piece 2 0 68 322 30 -16 -28 0
piece 2 0 68 322 30 -16 -2 5
frame 75 2 -8 -16 8 0 0 0 0 0
piece 2 0 98 322 30 -13 -28 0
piece 2 0 98 322 30 -13 -2 5
frame 76 2 -8 -16 8 0 0 0 0 0
piece 2 0 128 322 30 -16 -28 0
piece 2 0 128 322 30 -16 -2 5
frame 77 2 -8 -16 8 0 0 0 0 0
piece 2 0 158 322 30 -16 -28 0
piece 2 0 158 322 30 -16 -2 5
frame 78 2 -8 -16 8 0 0 0 0 0
piece 2 0 188 322 30 -16 -28 0
piece 2 0 188 322 30 -16 -2 5
frame 79 2 -8 -16 8 0 0 0 0 0
piece 2 0 218 322 30 -16 -28 0
piece 2 0 218 322 30 -16 -2 5
frame 80 2 -8 -16 8 0 0 0 0 0
piece 2 0 248 322 30 -16 -28 0
piece 2 0 248 322 30 -16 -2 5
frame 81 2 -8 -16 8 0 0 0 0 0
piece 2 0 278 322 30 -17 -28 0
piece 2 0 278 322 30 -17 -2 5
frame 82 2 -8 -16 8 0 0 0 0 0
piece 2 0 308 322 30 -16 -28 0
piece 2 0 308 322 30 -16 -2 5
frame 83 2 -8 -16 8 0 0 0 0 0
piece 2 0 338 322 30 -16 -28 0
piece 2 0 338 322 30 -16 -2 5
frame 84 14 -8 -16 8 0 0 0 0 0
piece 3 127 0 92 150 -127 -74 0
piece 3 1 141 60 150 85 -74 0
piece 3 90 145 122 150 505 -75 0
piece 3 1 141 60 150 145 -74 0
piece 3 1 141 60 150 205 -74 0
piece 3 1 141 60 150 265 -74 0
piece 3 1 141 60 150 325 -74 0
piece 3 1 141 60 150 385 -74 0
piece 3 1 141 60 150 445 -74 0
piece 3 0 0 126 134 -97 -62 0
piece 3 1 141 60 150 25 -74 0
piece 3 1 141 60 150 -35 -74 0
piece 3 0 0 126 134 363 -62 0
piece 3 0 0 126 134 247 -62 0
frame 85 14 -8 -16 8 0 0 0 0 0
piece 3 1 141 60 150 85 -74 0
piece 3 90 145 122 150 505 -75 0
piece 3 1 141 60 150 145 -74 0
piece 3 1 141 60 150 205 -74 0
piece 3 1 141 60 150 265 -74 0
piece 3 1 141 60 150 325 -74 0
piece 3 1 141 60 150 385 -74 0
piece 3 1 141 60 150 445 -74 0
piece 3 127 0 92 150 -127 -74 0
piece 3 1 141 60 150 25 -74 0
piece 3 1 141 60 150 -35 -74 0
piece 3 0 0 126 134 -58 -62 0
piece 3 0 0 126 134 402 -62 0
piece 3 0 0 126 134 285 -62 0
frame 86 14 -8 -16 8 0 0 0 0 0
piece 3 1 141 60 150 85 -74 0
piece 3 90 145 122 150 505 -75 0
piece 3 1 141 60 150 145 -74 0
piece 3 1 141 60 150 205 -74 0
piece 3 1 141 60 150 265 -74 0
piece 3 1 141 60 150 325 -74 0
piece 3 1 141 60 150 385 -74 0
piece 3 1 141 60 150 445 -74 0
piece 3 127 0 92 150 -127 -74 0
piece 3 1 141 60 150 25 -74 0
piece 3 1 141 60 150 -35 -74 0
piece 3 0 0 126 134 -20 -62 0
piece 3 0 0 126 134 442 -62 0
piece 3 0 0 126 134 325 -62 0
frame 87 15 -8 -16 8 0 0 0 0 0
piece 3 1 141 60 150 85 -74 0
piece 3 90 145 122 150 505 -75 0
piece 3 1 141 60 150 145 -74 0
piece 3 1 141 60 150 205 -74 0
piece 3 1 141 60 150 265 -74 0
piece 3 1 141 60 150 325 -74 0
piece 3 1 141 60 150 385 -74 0
piece 3 1 141 60 150 445 -74 0
piece 3 127 0 92 150 -127 -74 0
piece 3 1 141 60 150 25 -74 0
piece 3 1 141 60 150 -35 -74 0
piece 3 0 0 126 134 17 -62 0
piece 3 0 0 126 134 478 -62 0
piece 3 0 0 126 134 -97 -62 0
piece 3 0 0 126 134 363 -62 0
frame 88 13 -8 -16 8 0 0 0 0 0
piece 3 1 141 60 150 85 -74 0
piece 3 90 145 122 150 505 -75 0
piece 3 1 141 60 150 145 -74 0
piece 3 1 141 60 150 205 -74 0
piece 3 1 141 60 150 265 -74 0
piece 3 1 141 60 150 325 -74 0
piece 3 1 141 60 150 385 -74 0
piece 3 1 141 60 150 445 -74 0
piece 3 127 0 92 150 -127 -74 0
piece 3 1 141 60 150 25 -74 0
piece 3 1 141 60 150 -35 -74 0
piece 3 0 0 126 134 55 -62 0
piece 3 0 0 126 134 -58 -62 0
frame 89 14 -8 -16 8 0 0 0 0 0
piece 3 1 141 60 150 85 -74 0
piece 3 90 145 122 150 505 -75 0
piece 3 1 141 60 150 145 -74 0
piece 3 1 141 60 150 205 -74 0
piece 3 1 141 60 150 265 -74 0
piece 3 1 141 60 150 325 -74 0
piece 3 1 141 60 150 385 -74 0
piece 3 1 141 60 150 445 -74 0
piece 3 127 0 92 150 -127 -74 0
piece 3 1 141 60 150 25 -74 0
piece 3 1 141 60 150 -35 -74 0
piece 3 0 0 126 134 92 -62 0
piece 3 0 0 126 134 -20 -62 0
piece 3 0 0 126 134 442 -62 0
frame 90 14 -8 -16 8 0 0 0 0 0
piece 3 1 141 60 150 85 -74 0
piece 3 90 145 122 150 505 -75 0
piece 3 1 141 60 150 145 -74 0
piece 3 1 141 60 150 205 -74 0
piece 3 1 141 60 150 265 -74 0
piece 3 1 141 60 150 325 -74 0
piece 3 1 141 60 150 385 -74 0
piece 3 1 141 60 150 445 -74 0
piece 3 127 0 92 150 -127 -74 0
piece 3 1 141 60 150 25 -74 0
piece 3 1 141 60 150 -35 -74 0
piece 3 0 0 126 134 131 -62 0
piece 3 0 0 126 134 17 -62 0
piece 3 0 0 126 134 478 -62 0
frame 91 13 -8 -16 8 0 0 0 0 0
piece 3 1 141 60 150 85 -74 0
piece 3 90 145 122 150 505 -75 0
piece 3 1 141 60 150 145 -74 0
piece 3 1 141 60 150 205 -74 0
piece 3 1 141 60 150 265 -74 0
piece 3 1 141 60 150 325 -74 0
piece 3 1 141 60 150 385 -74 0
piece 3 1 141 60 150 445 -74 0
piece 3 127 0 92 150 -127 -74 0
piece 3 1 141 60 150 25 -74 0
piece 3 1 141 60 150 -35 -74 0
piece 3 0 0 126 134 170 -62 0
piece 3 0 0 126 134 55 -62 0
frame 92 13 -8 -16 8 0 0 0 0 0
piece 3 1 141 60 150 85 -74 0
piece 3 90 145 122 150 505 -75 0
piece 3 1 141 60 150 145 -74 0
piece 3 1 141 60 150 205 -74 0
piece 3 1 141 60 150 265 -74 0
piece 3 1 141 60 150 325 -74 0
piece 3 1 141 60 150 385 -74 0
piece 3 1 141 60 150 445 -74 0
piece 3 127 0 92 150 -127 -74 0
piece 3 1 141 60 150 25 -74 0
piece 3 1 141 60 150 -35 -74 0
piece 3 0 0 126 134 208 -62 0
piece 3 0 0 126 134 92 -62 0
frame 93 13 -8 -16 8 0 0 0 0 0
piece 3 1 141 60 150 85 -74 0
piece 3 90 145 122 150 505 -75 0
piece 3 1 141 60 150 145 -74 0
piece 3 1 141 60 150 205 -74 0
piece 3 1 141 60 150 265 -74 0
piece 3 1 141 60 150 325 -74 0
piece 3 1 141 60 150 385 -74 0
piece 3 1 141 60 150 445 -74 0
piece 3 127 0 92 150 -127 -74 0
piece 3 1 141 60 150 25 -74 0
piece 3 1 141 60 150 -35 -74 0
piece 3 0 0 126 134 247 -62 0
piece 3 0 0 126 134 131 -62 0
frame 94 13 -8 -16 8 0 0 0 0 0
piece 3 1 141 60 150 85 -74 0
piece 3 90 145 122 150 505 -75 0
piece 3 1 141 60 150 145 -74 0
piece 3 1 141 60 150 205 -74 0
piece 3 1 141 60 150 265 -74 0
piece 3 1 141 60 150 325 -74 0
piece 3 1 141 60 150 385 -74 0
piece 3 1 141 60 150 445 -74 0
piece 3 127 0 92 150 -127 -74 0
piece 3 1 141 60 150 25 -74 0
piece 3 1 141 60 150 -35 -74 0
piece 3 0 0 126 134 285 -62 0
piece 3 0 0 126 134 170 -62 0
frame 95 13 -8 -16 8 0 0 0 0 0
piece 3 1 141 60 150 85 -74 0
piece 3 90 145 122 150 505 -75 0
piece 3 1 141 60 150 145 -74 0
piece 3 1 141 60 150 205 -74 0
piece 3 1 141 60 150 265 -74 0
piece 3 1 141 60 150 325 -74 0
piece 3 1 141 60 150 385 -74 0
piece 3 1 141 60 150 445 -74 0
piece 3 127 0 92 150 -127 -74 0
piece 3 1 141 60 150 25 -74 0
piece 3 1 141 60 150 -35 -74 0
piece 3 0 0 126 134 325 -62 0
piece 3 0 0 126 134 208 -62 0
frame 96 4 -8 -16 8 0 0 0 0 0
piece 0 1 63 302 62 -109 -45 0
piece 0 1 63 302 62 191 15 2
piece 0 1 63 302 62 191 -45 4
piece 0 1 63 302 62 -109 15 5
frame 97 4 -8 -16 8 0 0 0 0 0
piece 0 0 0 302 62 -109 -45 0
piece 0 0 0 302 62 193 15 2
piece 0 0 0 302 62 193 -45 4
piece 0 0 0 302 62 -109 15 5
frame 98 4 -8 -16 8 0 0 0 0 0
piece 0 1 126 302 62 -109 -45 0
piece 0 1 126 302 62 191 15 2
piece 0 1 126 302 62 191 -45 4
piece 0 1 126 302 62 -109 15 5
frame 99 4 -8 -16 8 0 0 0 0 0
piece 0 0 189 304 62 -110 -45 0
piece 0 0 189 304 62 192 15 2
piece 0 0 189 304 62 192 -45 4
piece 0 0 189 304 62 -110 15 5
frame 100 4 -8 -16 8 0 0 0 0 0
piece 0 0 252 302 62 -109 -45 0
piece 0 0 252 302 62 193 15 2
piece 0 0 252 302 62 193 -45 4
piece 0 0 252 302 62 -109 15 5
frame 101 4 -8 -16 8 0 0 0 0 0
piece 0 0 315 304 62 -110 -45 0
piece 0 0 315 304 62 192 15 2
piece 0 0 315 304 62 192 -45 4
piece 0 0 315 304 62 -110 15 5
frame 102 4 -8 -16 8 0 0 0 0 0
piece 0 0 378 304 62 -110 -46 0
piece 0 0 378 304 62 192 16 2
piece 0 0 378 304 62 192 -46 4
piece 0 0 378 304 62 -110 16 5
frame 103 4 -8 -16 8 0 0 0 0 0
piece 0 0 442 302 62 -109 -45 0
piece 0 0 442 302 62 193 15 2
piece 0 0 442 302 62 193 -45 4
piece 0 0 442 302 62 -109 15 5
frame 104 4 -8 -16 8 0 0 0 0 0
piece 0 0 505 304 62 -110 -45 0
piece 0 0 505 304 62 192 15 2
piece 0 0 505 304 62 192 -45 4
piece 0 0 505 304 62 -110 15 5
frame 105 4 -8 -16 8 0 0 0 0 0
piece 1 0 0 302 62 -110 -45 0
piece 1 0 0 302 62 192 15 2
piece 1 0 0 302 62 192 -45 4
piece 1 0 0 302 62 -110 15 5
frame 106 4 -8 -16 8 0 0 0 0 0
piece 1 0 62 302 62 -110 -45 0
piece 1 0 62 302 62 192 15 2
piece 1 0 62 302 62 192 -45 4
piece 1 0 62 302 62 -110 15 5
frame 107 4 -8 -16 8 0 0 0 0 0
piece 1 0 125 302 60 -110 -44 0
piece 1 0 125 302 60 192 16 2
piece 1 0 125 302 60 192 -44 4
piece 1 0 125 302 60 -110 16 5
frame 108 4 -8 -16 8 0 0 0 0 0
piece 0 0 0 302 62 -302 -61 0
piece 0 0 0 302 62 0 -1 2
piece 0 0 0 302 62 0 -61 4
piece 0 0 0 302 62 -302 -1 5
frame 109 4 -8 -16 8 0 0 0 0 0
piece 0 1 63 302 62 -301 -61 0
piece 0 1 63 302 62 -1 -1 2
piece 0 1 63 302 62 -1 -61 4
piece 0 1 63 302 62 -301 -1 5
frame 110 4 -8 -16 8 0 0 0 0 0
piece 0 1 126 302 62 -301 -61 0
piece 0 1 126 302 62 -1 -1 2
piece 0 1 126 302 62 -1 -61 4
piece 0 1 126 302 62 -301 -1 5
frame 111 4 -8 -16 8 0 0 0 0 0
piece 0 0 189 304 62 -303 -61 0
piece 0 0 189 304 62 -1 -1 2
piece 0 0 189 304 62 -1 -61 4
piece 0 0 189 304 62 -303 -1 5
frame 112 4 -8 -16 8 0 0 0 0 0
piece 0 0 252 302 62 -302 -61 0
piece 0 0 252 302 62 0 -1 2
piece 0 0 252 302 62 0 -61 4
piece 0 0 252 302 62 -302 -1 5
frame 113 4 -8 -16 8 0 0 0 0 0
piece 0 0 315 304 62 -303 -61 0
piece 0 0 315 304 62 -1 -1 2
piece 0 0 315 304 62 -1 -61 4
piece 0 0 315 304 62 -303 -1 5
frame 114 4 -8 -16 8 0 0 0 0 0
piece 0 0 378 304 62 -303 -62 0
piece 0 0 378 304 62 -1 0 2
piece 0 0 378 304 62 -1 -62 4
piece 0 0 378 304 62 -303 0 5
frame 115 4 -8 -16 8 0 0 0 0 0
piece 0 0 442 302 62 -302 -61 0
piece 0 0 442 302 62 0 -1 2
piece 0 0 442 302 62 0 -61 4
piece 0 0 442 302 62 -302 -1 5
frame 116 4 -8 -16 8 0 0 0 0 0
piece 0 0 505 304 62 -303 -61 0
piece 0 0 505 304 62 -1 -1 2
piece 0 0 505 304 62 -1 -61 4
piece 0 0 505 304 62 -303 -1 5
frame 117 4 -8 -16 8 0 0 0 0 0
piece 1 0 0 302 62 -302 -61 0
piece 1 0 0 302 62 0 -1 2
piece 1 0 0 302 62 0 -61 4
piece 1 0 0 302 62 -302 -1 5
frame 118 4 -8 -16 8 0 0 0 0 0
piece 1 0 62 302 62 -302 -61 0
piece 1 0 62 302 62 0 -1 2
piece 1 0 62 302 62 0 -61 4
piece 1 0 62 302 62 -302 -1 5
frame 119 4 -8 -16 8 0 0 0 0 0
piece 1 0 125 302 60 -302 -60 0
piece 1 0 125 302 60 0 0 2
piece 1 0 125 302 60 0 -60 4
piece 1 0 125 302 60 -302 0 5
frame 120 7 -8 -16 8 0 0 0 0 0
piece 3 127 0 92 150 263 -74 0
piece 3 90 145 122 150 535 -75 0
piece 3 1 141 60 150 355 -74 0
piece 3 1 141 60 150 415 -74 0
piece 3 1 141 60 150 475 -74 0
piece 3 0 0 126 134 282 -62 0
piece 3 0 0 126 134 522 -62 0
frame 121 6 -8 -16 8 0 0 0 0 0
piece 3 127 0 92 150 263 -74 0
piece 3 90 145 122 150 535 -75 0
piece 3 1 141 60 150 355 -74 0
piece 3 1 141 60 150 415 -74 0
piece 3 1 141 60 150 475 -74 0
piece 3 0 0 126 134 322 -62 0
frame 122 6 -8 -16 8 0 0 0 0 0
piece 3 127 0 92 150 263 -74 0
piece 3 90 145 122 150 535 -75 0
piece 3 1 141 60 150 355 -74 0
piece 3 1 141 60 150 415 -74 0
piece 3 1 141 60 150 475 -74 0
piece 3 0 0 126 134 363 -62 0
frame 123 7 -8 -16 8 0 0 0 0 0
piece 3 127 0 92 150 263 -74 0
piece 3 90 145 122 150 535 -75 0
piece 3 1 141 60 150 355 -74 0
piece 3 1 141 60 150 415 -74 0
piece 3 1 141 60 150 475 -74 0
piece 3 0 0 126 134 404 -62 0
piece 3 0 0 126 134 282 -62 0
frame 124 7 -8 -16 8 0 0 0 0 0
piece 3 127 0 92 150 263 -74 0
piece 3 90 145 122 150 535 -75 0
piece 3 1 141 60 150 355 -74 0
piece 3 1 141 60 150 415 -74 0
piece 3 1 141 60 150 475 -74 0
piece 3 0 0 126 134 444 -62 0
piece 3 0 0 126 134 322 -62 0
frame 125 7 -8 -16 8 0 0 0 0 0
piece 3 127 0 92 150 263 -74 0
piece 3 90 145 122 150 535 -75 0
piece 3 1 141 60 150 355 -74 0
piece 3 1 141 60 150 415 -74 0
piece 3 1 141 60 150 475 -74 0
piece 3 0 0 126 134 484 -62 0
piece 3 0 0 126 134 363 -62 0
frame 126 7 -8 -16 8 0 0 0 0 0
piece 3 127 0 92 150 263 -74 0
piece 3 90 145 122 150 535 -75 0
piece 3 1 141 60 150 355 -74 0
piece 3 1 141 60 150 415 -74 0
piece 3 1 141 60 150 475 -74 0
piece 3 0 0 126 134 522 -62 0
piece 3 0 0 126 134 404 -62 0
frame 127 7 -8 -16 8 0 0 0 0 0
piece 3 127 0 92 150 263 -74 0
piece 3 90 145 122 150 535 -75 0
piece 3 1 141 60 150 355 -74 0
piece 3 1 141 60 150 415 -74 0
piece 3 1 141 60 150 475 -74 0
piece 3 0 0 126 134 282 -62 0
piece 3 0 0 126 134 444 -62 0
frame 128 7 -8 -16 8 0 0 0 0 0
piece 3 127 0 92 150 263 -74 0
piece 3 90 145 122 150 535 -75 0
piece 3 1 141 60 150 355 -74 0
piece 3 1 141 60 150 415 -74 0
piece 3 1 141 60 150 475 -74 0
piece 3 0 0 126 134 322 -62 0
piece 3 0 0 126 134 484 -62 0
frame 129 7 -8 -16 8 0 0 0 0 0
piece 3 127 0 92 150 263 -74 0
piece 3 90 145 122 150 535 -75 0
piece 3 1 141 60 150 355 -74 0
piece 3 1 141 60 150 415 -74 0
piece 3 1 141 60 150 475 -74 0
piece 3 0 0 126 134 363 -62 0
piece 3 0 0 126 134 522 -62 0
frame 130 7 -8 -16 8 0 0 0 0 0
piece 3 127 0 92 150 263 -74 0
piece 3 90 145 122 150 535 -75 0
piece 3 1 141 60 150 355 -74 0
piece 3 1 141 60 150 415 -74 0
piece 3 1 141 60 150 475 -74 0
piece 3 0 0 126 134 405 -63 0
piece 3 0 0 126 134 282 -62 0
frame 131 9 -8 -16 8 0 0 0 0 0
piece 3 127 0 92 150 43 -74 0
piece 3 90 145 122 150 435 -75 0
piece 3 1 141 60 150 135 -74 0
piece 3 1 141 60 150 195 -74 0
piece 3 1 141 60 150 255 -74 0
piece 3 1 141 60 150 315 -74 0
piece 3 1 141 60 150 375 -74 0
piece 3 0 0 126 134 64 -62 0
piece 3 0 0 126 134 416 -62 0
frame 132 8 -8 -16 8 0 0 0 0 0
piece 3 127 0 92 150 43 -74 0
piece 3 90 145 122 150 435 -75 0
piece 3 1 141 60 150 135 -74 0
piece 3 1 141 60 150 195 -74 0
piece 3 1 141 60 150 255 -74 0
piece 3 1 141 60 150 315 -74 0
piece 3 1 141 60 150 375 -74 0
piece 3 0 0 126 134 103 -62 0
frame 133 8 -8 -16 8 0 0 0 0 0
piece 3 127 0 92 150 43 -74 0
piece 3 90 145 122 150 435 -75 0
piece 3 1 141 60 150 135 -74 0
piece 3 1 141 60 150 195 -74 0
piece 3 1 141 60 150 255 -74 0
piece 3 1 141 60 150 315 -74 0
piece 3 1 141 60 150 375 -74 0
piece 3 0 0 126 134 143 -62 0
frame 134 9 -8 -16 8 0 0 0 0 0
piece 3 127 0 92 150 43 -74 0
piece 3 90 145 122 150 435 -75 0
piece 3 1 141 60 150 135 -74 0
piece 3 1 141 60 150 195 -74 0
piece 3 1 141 60 150 255 -74 0
piece 3 1 141 60 150 315 -74 0
piece 3 1 141 60 150 375 -74 0
piece 3 0 0 126 134 181 -62 0
piece 3 0 0 126 134 64 -62 0
frame 135 9 -8 -16 8 0 0 0 0 0
piece 3 127 0 92 150 43 -74 0
piece 3 90 145 122 150 435 -75 0
piece 3 1 141 60 150 135 -74 0
piece 3 1 141 60 150 195 -74 0
piece 3 1 141 60 150 255 -74 0
piece 3 1 141 60 150 315 -74 0
piece 3 1 141 60 150 375 -74 0
piece 3 0 0 126 134 219 -62 0
piece 3 0 0 126 134 103 -62 0
frame 136 9 -8 -16 8 0 0 0 0 0
piece 3 127 0 92 150 43 -74 0
piece 3 90 145 122 150 435 -75 0
piece 3 1 141 60 150 135 -74 0
piece 3 1 141 60 150 195 -74 0
piece 3 1 141 60 150 255 -74 0
piece 3 1 141 60 150 315 -74 0
piece 3 1 141 60 150 375 -74 0
piece 3 0 0 126 134 257 -62 0
piece 3 0 0 126 134 143 -62 0
frame 137 9 -8 -16 8 0 0 0 0 0
piece 3 127 0 92 150 43 -74 0
piece 3 90 145 122 150 435 -75 0
piece 3 1 141 60 150 135 -74 0
piece 3 1 141 60 150 195 -74 0
piece 3 1 141 60 150 255 -74 0
piece 3 1 141 60 150 315 -74 0
piece 3 1 141 60 150 375 -74 0
piece 3 0 0 126 134 294 -62 0
piece 3 0 0 126 134 181 -62 0
frame 138 9 -8 -16 8 0 0 0 0 0
piece 3 127 0 92 150 43 -74 0
piece 3 90 145 122 150 435 -75 0
piece 3 1 141 60 150 135 -74 0
piece 3 1 141 60 150 195 -74 0
piece 3 1 141 60 150 255 -74 0
piece 3 1 141 60 150 315 -74 0
piece 3 1 141 60 150 375 -74 0
piece 3 0 0 126 134 332 -62 0
piece 3 0 0 126 134 219 -62 0
frame 139 9 -8 -16 8 0 0 0 0 0
piece 3 127 0 92 150 43 -74 0
piece 3 90 145 122 150 435 -75 0
piece 3 1 141 60 150 135 -74 0
piece 3 1 141 60 150 195 -74 0
piece 3 1 141 60 150 255 -74 0
piece 3 1 141 60 150 315 -74 0
piece 3 1 141 60 150 375 -74 0
piece 3 0 0 126 134 374 -62 0
piece 3 0 0 126 134 257 -62 0
frame 140 9 -8 -16 8 0 0 0 0 0
piece 3 127 0 92 150 43 -74 0
piece 3 90 145 122 150 435 -75 0
piece 3 1 141 60 150 135 -74 0
piece 3 1 141 60 150 195 -74 0
piece 3 1 141 60 150 255 -74 0
piece 3 1 141 60 150 315 -74 0
piece 3 1 141 60 150 375 -74 0
piece 3 0 0 126 134 416 -62 0
piece 3 0 0 126 134 294 -62 0
frame 141 8 -8 -16 8 0 0 0 0 0
piece 3 127 0 92 150 43 -74 0
piece 3 90 145 122 150 435 -75 0
piece 3 1 141 60 150 135 -74 0
piece 3 1 141 60 150 195 -74 0
piece 3 1 141 60 150 255 -74 0
piece 3 1 141 60 150 315 -74 0
piece 3 1 141 60 150 375 -74 0
piece 3 0 0 126 134 332 -62 0
frame 142 8 -8 -16 8 0 0 0 0 0
piece 3 127 0 92 150 43 -74 0
piece 3 90 145 122 150 435 -75 0
piece 3 1 141 60 150 135 -74 0
piece 3 1 141 60 150 195 -74 0
piece 3 1 141 60 150 255 -74 0
piece 3 1 141 60 150 315 -74 0
piece 3 1 141 60 150 375 -74 0
piece 3 0 0 126 134 374 -62 0
frame 143 1 -8 -16 8 0 0 0 0 0
piece 0 1 130 39 17 -11 -19 0
frame 144 2 -8 -16 8 0 0 0 0 0
piece 2 0 0 322 34 14 -15 0
piece 2 0 0 322 34 14 15 5
frame 145 2 -8 -16 8 0 0 0 0 0
piece 2 0 34 322 34 14 -13 0
piece 2 0 34 322 34 14 13 5
frame 146 2 -8 -16 8 0 0 0 0 0
piece 2 0 68 322 30 14 -11 0
piece 2 0 68 322 30 14 15 5
frame 147 2 -8 -16 8 0 0 0 0 0
piece 2 0 98 322 30 17 -11 0
piece 2 0 98 322 30 17 15 5
frame 148 2 -8 -16 8 0 0 0 0 0
piece 2 0 128 322 30 14 -11 0
piece 2 0 128 322 30 14 15 5
frame 149 2 -8 -16 8 0 0 0 0 0
piece 2 0 158 322 30 14 -11 0
piece 2 0 158 322 30 14 15 5
frame 150 2 -8 -16 8 0 0 0 0 0
piece 2 0 188 322 30 14 -11 0
piece 2 0 188 322 30 14 15 5
frame 151 2 -8 -16 8 0 0 0 0 0
piece 2 0 218 322 30 14 -11 0
piece 2 0 218 322 30 14 15 5
frame 152 2 -8 -16 8 0 0 0 0 0
piece 2 0 248 322 30 14 -11 0
piece 2 0 248 322 30 14 15 5
frame 153 2 -8 -16 8 0 0 0 0 0
piece 2 0 278 322 30 14 -11 0
piece 2 0 278 322 30 14 15 5
frame 154 2 -8 -16 8 0 0 0 0 0
piece 2 0 308 322 30 14 -11 0
piece 2 0 308 322 30 14 15 5
frame 155 2 -8 -16 8 0 0 0 0 0
piece 2 0 338 322 30 14 -11 0
piece 2 0 338 322 30 14 15 5
clip a0 0 12 0:0.0333 1:0.0333 2:0.0333 3:0.0333 4:0.0333 5:0.0333 6:0.0333 7:0.0333 8:0.0333 9:0.0333 10:0.0333 11:0.0333
clip a1 0 12 12:0.0333 13:0.0333 14:0.0333 15:0.0333 16:0.0333 17:0.0333 18:0.0333 19:0.0333 20:0.0333 21:0.0333 22:0.0333 23:0.0333
clip a2 0 12 24:0.0333 25:0.0333 26:0.0333 27:0.0333 28:0.0333 29:0.0333 30:0.0333 31:0.0333 32:0.0333 33:0.0333 34:0.0333 35:0.0333
clip a3 0 12 36:0.0333 37:0.0333 38:0.0333 39:0.0333 40:0.0333 41:0.0333 42:0.0333 43:0.0333 44:0.0333 45:0.0333 46:0.0333 47:0.0333
clip a4 0 12 48:0.0333 49:0.0333 50:0.0333 51:0.0333 52:0.0333 53:0.0333 54:0.0333 55:0.0333 56:0.0333 57:0.0333 58:0.0333 59:0.0333
clip a5 0 12 60:0.0667 61:0.0667 62:0.0667 63:0.0667 64:0.0667 65:0.0667 66:0.0667 67:0.0667 68:0.0667 69:0.0667 70:0.0667 71:0.0667
clip a6 0 12 72:0.0333 73:0.0333 74:0.0333 75:0.0333 76:0.0333 77:0.0333 78:0.0333 79:0.0333 80:0.0333 81:0.0333 82:0.0333 83:0.0333
clip a7 0 12 84:0.0667 85:0.0667 86:0.0667 87:0.0667 88:0.0667 89:0.0667 90:0.0667 91:0.0667 92:0.0667 93:0.0667 94:0.0667 95:0.0667
clip a8 0 12 96:0.0333 97:0.0333 98:0.0333 99:0.0333 100:0.0333 101:0.0333 102:0.0333 103:0.0333 104:0.0333 105:0.0333 106:0.0333 107:0.0333
clip a9 0 12 108:0.0333 109:0.0333 110:0.0333 111:0.0333 112:0.0333 113:0.0333 114:0.0333 115:0.0333 116:0.0333 117:0.0333 118:0.0333 119:0.0333
clip a10 0 12 120:0.0667 121:0.0667 122:0.0667 123:0.0667 124:0.0667 125:0.0667 126:0.0667 127:0.0667 128:0.0667 129:0.0667 130:0.0667 124:0.0667
clip a11 0 12 131:0.0667 132:0.0667 133:0.0667 134:0.0667 135:0.0667 136:0.0667 137:0.0667 138:0.0667 139:0.0667 140:0.0667 141:0.0667 142:0.0667
clip a12 0 1 143:0.0333
clip a13 0 12 144:0.0333 145:0.0333 146:0.0333 147:0.0333 148:0.0333 149:0.0333 150:0.0333 151:0.0333 152:0.0333 153:0.0333 154:0.0333 155:0.0333
clip idle 0 12 0:0.0333 1:0.0333 2:0.0333 3:0.0333 4:0.0333 5:0.0333 6:0.0333 7:0.0333 8:0.0333 9:0.0333 10:0.0333 11:0.0333
