# BETA: EFECTOS DEL MONSTRUO DE TENTACULOS (generado por tools/beta/build_beta_characters.py)
character fx_tentaculos fx 0
name EFECTOS DEL MONSTRUO DE TENTACULOS
image 0 416
image 1 417
image 2 418
image 3 419
image 4 420
image 5 421
image 6 422
image 7 423
image 8 424
image 9 459
image 10 460
image 11 461
image 12 462
image 13 463
image 14 464
image 15 367
frame 0 5 -8 -16 8 0 0 0 0 0
piece 0 58 7 342 208 37 -126 0
piece 0 231 222 154 136 49 -323 0
piece 0 7 223 120 120 -69 -359 1
piece 0 4 37 48 146 -210 -368 1
piece 0 135 216 72 134 94 -192 3
frame 1 5 -8 -16 8 0 100 -50 300 50
piece 0 58 7 342 208 37 -126 0
piece 0 231 222 154 136 49 -323 0
piece 0 7 223 120 120 -69 -359 1
piece 0 4 37 48 146 -210 -368 1
piece 0 135 216 72 134 94 -192 3
frame 2 3 -8 -16 8 0 0 0 0 0
piece 1 0 2 242 105 -90 -355 0
piece 0 16 363 376 234 21 -152 0
piece 1 242 4 158 100 62 -250 0
frame 3 1 -8 -16 8 0 0 0 0 0
piece 1 0 114 400 352 13 -268 0
frame 4 2 -8 -16 8 0 0 0 0 0
piece 2 171 0 176 195 183 -96 3
piece 2 175 197 173 168 23 -92 3
frame 5 2 -8 -16 8 0 0 0 0 0
piece 2 0 1 165 168 187 -86 3
piece 2 1 176 158 150 45 -79 3
frame 6 1 -8 -16 8 0 0 0 0 0
piece 2 0 372 279 122 65 -59 0
frame 7 5 -8 -16 8 0 0 0 0 0
piece 3 0 0 392 228 29 -85 0
piece 3 1 229 184 80 -270 -363 0
piece 3 19 321 134 126 -101 -326 0
piece 3 208 231 174 208 28 -288 0
piece 3 197 449 166 74 -41 -32 1
frame 8 5 -8 -16 8 0 100 0 300 100
piece 3 0 0 392 228 29 -85 0
piece 3 1 229 184 80 -270 -363 0
piece 3 19 321 134 126 -101 -326 0
piece 3 208 231 174 208 28 -288 0
piece 3 197 449 166 74 -41 -32 1
frame 9 4 -8 -16 8 0 0 0 0 0
piece 4 175 343 84 134 -36 -8 0
piece 4 0 4 390 312 37 -158 0
piece 4 276 328 122 122 46 -277 0
piece 4 3 333 168 142 -117 -335 0
frame 10 2 -8 -16 8 0 0 0 0 0
piece 5 1 2 388 388 34 -224 0
piece 5 141 394 164 91 -55 -22 1
frame 11 1 -8 -16 8 0 0 0 0 0
piece 6 0 0 328 484 -58 -174 1
frame 12 1 -8 -16 8 0 0 0 0 0
piece 7 0 0 400 274 -12 -122 0
frame 13 1 -8 -16 8 0 0 0 0 0
piece 7 0 280 400 218 10 -121 0
frame 14 1 -8 -16 8 0 0 0 0 0
piece 8 1 0 398 228 3 -137 0
frame 15 6 -8 -16 8 0 0 0 0 0
piece 9 37 0 334 234 14 -182 0
piece 9 117 235 254 192 -81 -370 0
piece 9 6 260 60 182 -255 -372 1
piece 9 37 0 334 234 -57 -136 0
piece 9 117 235 254 192 -152 -324 0
piece 9 6 260 60 182 -326 -326 1
frame 16 4 -8 -16 8 0 0 0 0 0
piece 10 0 0 398 316 -14 -240 0
piece 10 0 0 398 316 -85 -194 0
piece 10 138 315 258 148 -123 -384 0
piece 10 138 315 258 148 -193 -337 0
frame 17 4 -8 -16 8 0 0 0 0 0
piece 11 0 0 330 358 88 -264 0
piece 11 0 0 330 358 18 -218 0
piece 10 0 317 138 158 -41 -128 0
piece 10 0 317 138 158 -111 -87 0
frame 18 2 -8 -16 8 0 0 0 0 0
piece 12 0 4 352 313 58 -257 0
piece 12 0 4 352 313 -12 -211 0
frame 19 4 -8 -16 8 0 0 0 0 0
piece 12 0 376 322 224 -24 -149 0
piece 12 0 376 322 224 46 -195 0
piece 12 90 408 73 104 137 -150 0
piece 12 90 408 73 104 67 -108 0
frame 20 2 -8 -16 8 0 0 0 0 0
piece 13 1 3 334 220 42 -194 0
piece 13 1 3 334 220 -28 -148 0
frame 21 2 -8 -16 8 0 0 0 0 0
piece 13 1 223 326 218 49 -192 0
piece 13 1 223 326 218 -21 -146 0
frame 22 2 -8 -16 8 0 0 0 0 0
piece 14 0 0 200 147 65 -111 0
piece 14 0 0 200 147 -5 -65 0
frame 23 2 -8 -16 8 0 0 0 0 0
piece 14 206 1 182 78 69 -61 0
piece 14 206 1 182 78 -1 -15 0
frame 24 2 -8 -16 8 0 0 0 0 0
piece 14 203 78 188 82 66 -63 0
piece 14 203 78 188 82 -4 -17 0
frame 25 2 -8 -16 8 0 0 0 0 0
piece 14 224 168 166 76 77 -63 0
piece 14 224 168 166 76 7 -17 0
frame 26 1 -8 -16 8 0 0 0 0 0
piece 15 0 0 48 48 -23 -23 0
clip a0 0 7 0:0.0333 1:0.0667 2:0.1000 3:0.0667 4:0.0667 5:0.0667 6:0.1000
clip a1 0 8 7:0.0333 8:0.0667 9:0.0667 10:0.0667 11:0.0667 12:0.0667 13:0.1333 14:0.1333
clip a2 0 15 15:0.0667 16:0.0667 17:0.0667 18:0.0667 19:0.0667 20:0.0667 21:0.0667 22:0.0667 23:0.0667 23:0.0667 24:0.0667 24:0.0667 24:0.0667 24:0.0667 25:0.0667
clip a3 0 1 26:0.0333
clip idle 0 7 0:0.0333 1:0.0667 2:0.1000 3:0.0667 4:0.0667 5:0.0667 6:0.1000
