# BETA: EFECTOS DEL TITAN (generado por tools/beta/build_beta_characters.py)
character fx_titan fx 0
name EFECTOS DEL TITAN
image 0 110
image 1 107
image 2 108
image 3 109
image 4 111
image 5 112
image 6 367
image 7 175
image 8 465
image 9 466
image 10 467
image 11 468
image 12 469
image 13 470
image 14 471
frame 0 1 -8 -16 8 0 0 0 0 0
piece 0 1 190 82 30 -41 -15 0
frame 1 2 -8 -16 8 0 0 0 0 0
piece 1 0 24 337 330 1 -216 0
piece 1 0 24 337 330 -337 -216 0
frame 2 4 -8 -16 8 0 -267 -114 278 136
piece 1 3 391 341 208 -7 -227 0
piece 2 36 7 304 145 -1 -20 0
piece 1 3 391 341 208 -335 -227 0
piece 2 36 7 304 145 -304 -20 0
frame 3 2 -8 -16 8 0 0 0 0 0
piece 2 2 176 338 352 0 -239 0
piece 2 2 176 338 352 -338 -239 0
frame 4 2 -8 -16 8 0 0 0 0 0
piece 3 49 0 299 363 0 -253 0
piece 3 49 0 299 363 -299 -253 0
frame 5 4 -8 -16 8 0 0 0 0 0
piece 3 53 377 286 223 0 -265 0
piece 0 0 0 284 184 0 -42 0
piece 3 53 377 286 223 -286 -265 0
piece 0 0 0 284 184 -284 -42 0
frame 6 2 -8 -16 8 0 0 0 0 0
piece 0 0 227 286 322 -2 -229 0
piece 0 0 227 286 322 -284 -229 0
frame 7 2 -8 -16 8 0 0 0 0 0
piece 4 1 74 260 304 0 -213 0
piece 4 1 74 260 304 -260 -213 0
frame 8 2 -8 -16 8 0 -267 -114 278 136
piece 4 0 378 254 222 -2 -136 0
piece 4 0 378 254 222 -252 -136 0
frame 9 2 -8 -16 8 0 0 0 0 0
piece 5 0 0 242 240 0 -155 0
piece 5 0 0 242 240 -242 -155 0
frame 10 2 -8 -16 8 0 0 0 0 0
piece 5 0 240 242 150 0 -64 0
piece 5 0 240 242 150 -242 -64 0
frame 11 2 -8 -16 8 0 0 0 0 0
piece 5 1 389 244 164 -3 -77 0
piece 5 1 389 244 164 -241 -77 0
frame 12 1 -8 -16 8 0 0 0 0 0
piece 6 0 0 48 48 -23 -25 0
frame 13 1 -8 -16 8 0 0 0 0 0
piece 7 0 0 172 150 -111 -160 0
frame 14 1 -8 -16 8 0 0 0 0 0
piece 8 4 0 186 278 -121 -201 1
frame 15 1 -8 -16 8 0 -256 -141 299 138
piece 9 3 0 272 479 -121 -243 1
frame 16 1 -8 -16 8 0 0 0 0 0
piece 10 0 1 282 518 -156 -253 1
frame 17 1 -8 -16 8 0 0 0 0 0
piece 11 0 0 287 489 -129 -255 1
frame 18 1 -8 -16 8 0 -256 -141 299 138
piece 12 0 0 286 486 -122 -253 1
frame 19 1 -8 -16 8 0 0 0 0 0
piece 13 0 45 251 482 -118 -228 1
frame 20 1 -8 -16 8 0 0 0 0 0
piece 14 0 3 258 318 56 -236 1
clip a0 0 6 0:0.0667 0:0.0667 0:0.0667 0:0.0667 0:0.0667 0:0.0667
clip a1 0 11 1:0.0667 2:0.0667 3:0.0667 4:0.0667 5:0.0667 6:0.0667 7:0.0667 8:0.0667 9:0.0667 10:0.0667 11:0.0667
clip a2 0 1 12:0.0333
clip a3 0 11 13:0.0667 14:0.0667 15:0.1000 16:0.1000 17:0.1000 18:0.1000 16:0.1000 17:0.1000 18:0.1000 19:0.1000 20:0.1000
clip idle 0 6 0:0.0667 0:0.0667 0:0.0667 0:0.0667 0:0.0667 0:0.0667
