# BETA: LAVA Y FUEGO DEL VOLCAN (generado por tools/beta/build_beta_characters.py)
character fx_volcan fx 0
name LAVA Y FUEGO DEL VOLCAN
image 0 189
image 1 511
image 2 512
image 3 513
image 4 367
image 5 236
image 6 11
frame 0 3 -295 -22 298 -15 0 0 0 0
piece 0 0 1 528 50 -242 -50 0
piece 1 1 0 186 456 -100 -484 0
piece 1 2 457 266 30 -133 -30 0
frame 1 3 -295 -22 298 -15 0 0 0 0
piece 0 0 1 528 50 -242 -50 0
piece 1 187 0 198 456 -99 -484 0
piece 1 2 495 264 30 -134 -30 0
frame 2 3 -295 -22 298 -15 0 0 0 0
piece 0 0 1 528 50 -242 -50 0
piece 2 1 0 186 458 -105 -484 0
piece 1 2 528 266 30 -135 -30 0
frame 3 3 -295 -22 298 -15 0 0 0 0
piece 0 0 1 528 50 -242 -50 0
piece 2 187 0 182 458 -107 -484 0
piece 1 2 561 266 30 -134 -30 0
frame 4 4 -295 -22 298 -15 0 0 0 0
piece 0 0 1 528 50 -242 -50 0
piece 3 1 0 172 458 -102 -484 0
piece 1 268 457 132 30 -135 -30 0
piece 1 266 495 134 30 -4 -30 0
frame 5 4 -295 -22 298 -15 0 0 0 0
piece 0 0 1 528 50 -242 -50 0
piece 3 173 0 172 458 -101 -484 0
piece 1 268 528 132 30 -132 -30 0
piece 1 270 561 130 30 -1 -30 0
frame 6 6 -295 -22 298 -15 0 0 0 0
piece 0 0 1 528 50 -242 -50 0
piece 2 2 459 266 30 -135 -31 0
piece 2 0 492 158 108 -102 -485 0
piece 2 182 492 154 108 -98 -377 0
piece 3 2 462 162 123 -97 -270 0
piece 3 172 466 174 116 -99 -147 0
frame 7 1 -8 -16 8 0 0 0 0 0
piece 4 0 0 48 48 -26 -24 0
frame 8 1 -8 -16 8 0 0 0 0 0
piece 5 0 0 76 138 -38 -119 0
frame 9 1 -8 -16 8 0 0 0 0 0
piece 5 83 0 76 138 -35 -121 0
frame 10 1 -8 -16 8 0 0 0 0 0
piece 5 161 0 76 138 -35 -127 0
frame 11 1 -8 -16 8 0 0 0 0 0
piece 5 1 138 76 138 -40 -117 0
frame 12 1 -8 -16 8 0 0 0 0 0
piece 5 82 138 76 138 -33 -120 0
frame 13 1 -8 -16 8 0 0 0 0 0
piece 6 10 0 308 480 -238 -383 0
clip a0 0 7 0:0.0667 1:0.0667 2:0.0667 3:0.0667 4:0.0667 5:0.0667 6:0.0667
clip a1 0 1 7:0.0333
clip a2 0 5 8:0.0667 9:0.0667 10:0.0667 11:0.0667 12:0.0667
clip a3 0 1 7:0.0333
clip a4 0 1 7:0.0333
clip a5 0 1 7:0.0333
clip a6 0 1 7:0.0333
clip a7 0 1 7:0.0333
clip a8 0 1 13:0.0333
clip idle 0 7 0:0.0667 1:0.0667 2:0.0667 3:0.0667 4:0.0667 5:0.0667 6:0.0667
