# BETA: GUERRERO (GARRAS DE HADES) (generado por tools/beta/build_beta_characters.py)
character kratos_garras hero 160
name GUERRERO (GARRAS DE HADES)
image 0 160
image 1 156
image 2 162
image 3 474
image 4 0
image 5 50
image 6 223
image 7 475
image 8 224
image 9 476
image 10 43
image 11 44
image 12 45
image 13 46
image 14 161
image 15 67
image 16 200
image 17 322
image 18 319
image 19 327
image 20 323
image 21 203
image 22 206
image 23 324
image 24 325
image 25 320
image 26 328
image 27 326
image 28 329
image 29 201
image 30 208
image 31 321
image 32 317
image 33 315
image 34 318
image 35 205
image 36 398
image 37 316
image 38 213
image 39 399
image 40 314
image 41 245
image 42 366
image 43 250
image 44 249
image 45 247
image 46 252
image 47 261
image 48 246
image 49 248
image 50 254
image 51 253
image 52 690
image 53 255
image 54 691
image 55 256
image 56 251
image 57 257
image 58 692
image 59 258
image 60 693
image 61 259
image 62 260
image 63 671
image 64 441
image 65 443
image 66 445
image 67 450
image 68 447
image 69 451
image 70 446
image 71 452
image 72 444
image 73 448
image 74 453
image 75 449
image 76 454
image 77 442
image 78 509
image 79 506
image 80 507
image 81 510
image 82 508
image 83 379
image 84 24
image 85 382
image 86 383
image 87 384
image 88 385
image 89 386
image 90 387
image 91 133
image 92 388
image 93 395
image 94 553
image 95 535
image 96 554
image 97 536
image 98 555
image 99 113
image 100 537
image 101 556
image 102 538
image 103 557
image 104 539
image 105 558
image 106 114
image 107 540
image 108 559
image 109 541
image 110 533
image 111 380
image 112 542
image 113 543
image 114 115
image 115 544
image 116 545
image 117 546
image 118 547
image 119 116
image 120 548
image 121 549
image 122 550
image 123 37
image 124 117
image 125 118
image 126 551
image 127 139
image 128 560
image 129 552
image 130 119
image 131 562
image 132 567
image 133 381
image 134 120
image 135 563
image 136 564
image 137 579
image 138 565
image 139 580
image 140 121
image 141 566
image 142 137
image 143 122
image 144 138
image 145 38
image 146 132
image 147 225
image 148 514
frame 0 2 -27 -117 31 5 0 0 0 0
piece 0 0 0 76 103 -37 -93 0
piece 1 0 0 118 88 -35 -104 0
frame 1 2 -27 -117 31 5 0 0 0 0
piece 0 76 0 80 103 -39 -93 0
piece 1 118 0 112 88 -30 -101 0
frame 2 2 -27 -117 31 5 0 0 0 0
piece 0 156 0 78 103 -37 -93 0
piece 1 230 0 116 78 -36 -97 0
frame 3 2 -27 -117 31 5 0 0 0 0
piece 0 234 0 80 101 -37 -92 0
piece 1 0 88 118 74 -35 -91 0
frame 4 2 -27 -117 31 5 0 0 0 0
piece 0 0 103 82 102 -37 -93 0
piece 1 118 88 112 78 -30 -91 0
frame 5 2 -27 -117 31 5 0 0 0 0
piece 0 82 103 80 102 -38 -91 0
piece 1 230 78 116 80 -36 -91 0
frame 6 2 -27 -117 31 5 0 0 0 0
piece 0 162 103 80 100 -39 -90 0
piece 1 0 162 110 80 -26 -89 0
frame 7 2 -27 -117 31 5 0 0 0 0
piece 0 242 103 80 98 -39 -88 0
piece 1 110 166 120 76 -35 -88 0
frame 8 2 -27 -117 31 5 0 0 0 0
piece 0 0 205 78 98 -37 -89 0
piece 1 230 158 116 84 -32 -95 0
frame 9 2 -27 -117 31 5 0 0 0 0
piece 0 78 205 78 98 -38 -88 0
piece 1 0 248 112 82 -28 -93 0
frame 10 2 -27 -117 31 5 0 0 0 0
piece 0 156 203 76 100 -38 -90 0
piece 1 112 242 106 88 -26 -99 0
frame 11 2 -27 -117 31 5 0 0 0 0
piece 0 232 201 78 102 -38 -93 0
piece 1 227 242 118 88 -37 -101 0
frame 12 3 -27 -117 31 5 0 0 0 0
piece 0 310 202 42 102 -38 -86 0
piece 0 315 0 36 99 4 -91 0
piece 1 0 331 122 88 -30 -103 0
frame 13 2 -27 -117 31 5 0 0 0 0
piece 2 0 0 98 104 -58 -101 0
piece 3 0 0 40 34 -14 -105 0
frame 14 2 -27 -117 31 5 0 0 0 0
piece 2 98 0 90 105 -56 -101 0
piece 3 40 0 40 34 -15 -104 0
frame 15 2 -27 -117 31 5 0 0 0 0
piece 2 188 0 86 105 -52 -101 0
piece 3 80 0 40 34 -17 -105 0
frame 16 2 -27 -117 31 5 0 0 0 0
piece 2 275 0 76 104 -43 -104 0
piece 3 120 0 36 38 -9 -109 0
frame 17 2 -27 -117 31 5 0 0 0 0
piece 2 0 106 88 100 -42 -102 0
piece 3 156 0 34 38 -5 -113 0
frame 18 2 -27 -117 31 5 0 0 0 0
piece 2 88 106 92 102 -43 -104 0
piece 3 190 0 34 38 -2 -116 0
frame 19 2 -27 -117 31 5 0 0 0 0
piece 2 180 105 100 99 -51 -104 0
piece 3 224 0 32 38 2 -115 0
frame 20 3 -27 -117 31 5 0 0 0 0
piece 2 281 104 88 102 -57 -104 0
piece 2 351 62 18 40 30 -105 0
piece 3 256 0 28 38 5 -113 0
frame 21 2 -27 -117 31 5 0 0 0 0
piece 2 0 207 100 106 -59 -102 0
piece 3 284 0 36 38 -5 -112 0
frame 22 2 -27 -117 31 5 0 0 0 0
piece 2 102 208 90 106 -53 -101 0
piece 3 0 34 20 38 8 -115 0
frame 23 2 -27 -117 31 5 0 0 0 0
piece 2 191 204 76 110 -43 -103 0
piece 3 24 36 36 38 -14 -109 0
frame 24 2 -27 -117 31 5 0 0 0 0
piece 2 268 205 66 110 -31 -105 0
piece 3 64 38 36 38 -13 -110 0
frame 25 2 -27 -117 31 5 0 0 0 0
piece 2 1 313 86 106 -46 -103 0
piece 3 101 41 40 38 -15 -111 0
frame 26 2 -27 -117 31 5 0 0 0 0
piece 2 87 314 94 106 -49 -104 0
piece 3 144 42 44 40 -13 -111 0
frame 27 2 -27 -117 31 5 0 0 0 0
piece 2 180 314 102 106 -57 -104 0
piece 3 188 42 44 40 -12 -111 0
frame 28 3 -27 -117 31 5 0 0 0 0
piece 2 283 315 86 104 -54 -101 0
piece 2 336 208 22 108 19 -104 0
piece 3 238 44 44 40 -16 -108 0
frame 29 3 -27 -117 31 5 0 0 0 0
piece 4 0 0 86 90 -50 -79 0
piece 5 0 4 42 34 -33 -51 0
piece 5 43 4 26 28 9 -58 0
frame 30 2 -27 -117 31 5 0 0 0 0
piece 4 87 0 122 72 -61 -70 0
piece 5 70 0 30 38 46 -55 0
frame 31 2 -27 -117 31 5 0 0 0 0
piece 4 209 0 110 72 -65 -75 0
piece 5 100 0 36 28 28 -30 0
frame 32 3 -27 -117 31 5 0 0 0 0
piece 4 0 92 78 88 -62 -86 0
piece 4 78 120 12 42 16 -58 0
piece 5 136 0 38 34 -1 -24 0
frame 33 2 -27 -117 31 5 0 0 0 0
piece 4 90 72 74 84 -48 -84 0
piece 5 174 0 48 26 -22 -15 0
frame 34 2 -27 -117 31 5 0 0 0 0
piece 4 164 70 68 88 -42 -80 0
piece 5 222 0 50 34 -24 -21 0
frame 35 3 -27 -117 31 5 0 0 0 0
piece 4 234 70 86 82 -39 -82 0
piece 5 272 16 24 30 -53 -39 0
piece 5 299 0 28 34 -25 -54 0
frame 36 3 -27 -117 31 5 0 0 0 0
piece 4 320 69 80 60 -36 -60 0
piece 5 332 0 28 30 -3 -83 0
piece 5 332 36 28 44 -2 -47 0
frame 37 3 -27 -117 31 5 0 0 0 0
piece 4 0 180 80 60 -38 -59 0
piece 5 1 40 38 34 -24 -32 0
piece 5 39 40 24 36 23 -73 0
frame 38 3 -27 -117 31 5 0 0 0 0
piece 4 80 162 92 74 -48 -72 0
piece 5 63 40 44 36 -55 -57 0
piece 5 108 40 20 34 36 -58 0
frame 39 3 -27 -117 31 5 0 0 0 0
piece 4 172 164 86 86 -40 -85 0
piece 5 129 39 46 32 -44 -55 0
piece 5 175 39 30 36 34 -72 0
frame 40 3 -27 -117 31 5 0 0 0 0
piece 4 259 156 76 96 -33 -93 0
piece 5 207 40 46 28 -36 -54 0
piece 5 255 46 32 34 31 -78 0
frame 41 2 -27 -117 31 5 0 0 0 0
piece 6 0 0 74 108 -37 -109 0
piece 7 0 0 58 52 -12 -97 0
frame 42 2 -27 -117 31 5 0 0 0 0
piece 6 0 0 74 108 -37 -112 0
piece 7 0 0 58 52 -12 -101 0
frame 43 2 -27 -117 31 5 0 0 0 0
piece 6 74 1 96 126 -42 -129 0
piece 7 59 0 74 60 -35 -134 0
frame 44 3 -27 -117 31 5 0 0 0 0
piece 6 173 2 63 124 -45 -127 0
piece 6 199 135 37 86 15 -112 0
piece 7 133 0 102 52 -46 -113 0
frame 45 2 -27 -117 31 5 0 0 0 0
piece 6 1 116 96 122 -45 -121 0
piece 7 235 0 122 40 -48 -107 0
frame 46 3 -27 -117 31 5 0 0 0 0
piece 6 97 127 98 120 -46 -110 0
piece 7 0 60 46 35 -48 -87 0
piece 7 81 61 46 24 35 -84 0
frame 47 2 -27 -117 31 5 0 0 0 0
piece 8 76 0 58 112 -27 -107 0
piece 9 42 0 34 50 -25 -113 0
frame 48 2 -27 -117 31 5 0 0 0 0
piece 8 134 0 84 100 -36 -94 0
piece 9 76 0 36 50 -43 -98 0
frame 49 3 -27 -117 31 5 0 0 0 0
piece 9 112 0 48 50 -62 -62 0
piece 8 218 0 102 62 -48 -60 0
piece 8 284 123 10 18 53 -18 0
frame 50 3 -27 -117 31 5 0 0 0 0
piece 9 160 0 48 50 -65 -27 0
piece 8 218 64 102 38 -69 -28 0
piece 8 280 150 38 24 32 -21 0
frame 51 2 -27 -117 31 5 0 0 0 0
piece 8 0 114 136 36 -66 -28 0
piece 9 208 0 50 50 -68 -27 0
frame 52 2 -27 -117 31 5 0 0 0 0
piece 8 137 114 137 36 -67 -28 0
piece 9 208 0 50 50 -68 -27 0
frame 53 2 -27 -117 31 5 0 0 0 0
piece 8 137 150 136 36 -67 -26 0
piece 9 208 0 50 50 -68 -27 0
frame 54 2 -27 -117 31 5 0 0 0 0
piece 8 0 150 136 36 -67 -27 0
piece 9 208 0 50 50 -68 -27 0
frame 55 2 -8 -16 8 0 0 0 0 0
piece 10 0 0 156 68 -84 -47 0
piece 11 0 0 208 256 -103 -221 0
frame 56 4 -8 -16 8 0 0 0 0 0
piece 10 156 0 98 90 -48 -78 0
piece 11 224 256 176 76 -94 -34 0
piece 11 208 0 192 256 -110 -290 0
piece 11 0 256 18 286 82 -270 0
frame 57 2 -8 -16 8 0 0 0 0 0
piece 10 254 0 106 98 -49 -87 0
piece 11 18 261 214 338 -112 -282 0
frame 58 4 -8 -16 8 0 0 0 0 0
piece 10 0 68 104 120 -47 -90 0
piece 11 234 332 166 268 -111 -273 0
piece 12 0 47 52 262 55 -262 0
piece 12 0 4 182 38 -94 -6 0
frame 59 3 -8 -16 8 0 0 0 0 0
piece 10 104 90 98 128 -47 -98 0
piece 12 214 0 186 68 -99 -41 0
piece 12 51 67 228 248 -115 -284 0
frame 60 4 -8 -16 8 0 0 0 0 0
piece 10 202 98 92 120 -42 -100 0
piece 1 0 0 118 88 -35 -104 0
piece 12 278 67 122 316 -113 -289 0
piece 12 0 316 116 284 7 -256 0
frame 61 3 -8 -16 8 0 0 0 0 0
piece 10 202 98 92 120 -42 -100 0
piece 1 0 0 118 88 -35 -104 0
piece 13 0 0 224 316 -110 -288 0
frame 62 3 -8 -16 8 0 0 0 0 0
piece 10 202 98 92 120 -42 -100 0
piece 1 0 0 118 88 -35 -104 0
piece 12 118 378 218 222 -115 -195 0
frame 63 4 -8 -16 8 0 0 0 0 0
piece 10 294 98 102 121 -46 -99 0
piece 1 0 0 118 88 -35 -104 0
piece 13 242 0 158 200 -88 -180 0
piece 13 225 172 34 144 70 -172 0
frame 64 3 -8 -16 8 0 0 0 0 0
piece 10 294 98 102 121 -46 -99 0
piece 1 0 0 118 88 -35 -104 0
piece 13 0 317 206 174 -105 -146 0
frame 65 3 -8 -16 8 0 0 0 0 0
piece 0 0 0 76 103 -37 -93 0
piece 13 214 328 186 154 -74 -154 0
piece 1 0 0 118 88 -35 -104 0
frame 66 2 -27 -117 31 5 0 0 0 0
piece 9 0 0 42 44 -17 -122 0
piece 8 0 0 76 114 -36 -110 0
frame 67 2 -27 -140 31 10 0 0 0 0
piece 14 3 0 51 132 -23 -122 0
piece 15 0 0 26 18 -18 -122 0
frame 68 2 -27 -140 31 10 0 0 0 0
piece 14 54 0 52 132 -23 -122 0
piece 15 28 0 26 18 -18 -122 0
frame 69 2 -27 -140 31 10 0 0 0 0
piece 14 106 0 53 133 -24 -124 0
piece 15 56 0 26 18 -18 -123 0
frame 70 2 -27 -140 31 10 0 0 0 0
piece 14 159 0 54 134 -24 -122 0
piece 15 83 0 26 18 -19 -123 0
frame 71 2 -27 -140 31 10 0 0 0 0
piece 14 213 0 52 133 -23 -124 0
piece 15 112 0 26 18 -17 -124 0
frame 72 2 -27 -140 31 10 0 0 0 0
piece 14 265 0 51 133 -22 -124 0
piece 15 140 0 26 18 -16 -122 0
frame 73 2 -27 -140 31 10 0 0 0 0
piece 14 3 132 52 133 -24 -120 0
piece 15 168 1 26 18 -16 -122 0
frame 74 2 -27 -140 31 10 0 0 0 0
piece 14 55 132 52 133 -23 -120 0
piece 15 197 1 26 18 -15 -121 0
frame 75 2 -27 -140 31 10 0 0 0 0
piece 14 107 133 48 132 -23 -119 0
piece 15 226 1 26 18 -14 -120 0
frame 76 2 -27 -140 31 10 0 0 0 0
piece 14 155 133 46 132 -21 -119 0
piece 15 254 1 26 18 -14 -118 0
frame 77 2 -27 -140 31 10 0 0 0 0
piece 14 201 134 48 131 -23 -118 0
piece 15 283 1 26 18 -16 -121 0
frame 78 2 -27 -140 31 10 0 0 0 0
piece 14 250 134 54 131 -21 -118 0
piece 15 309 1 18 18 -22 -122 0
frame 79 2 -27 -117 31 5 0 0 0 0
piece 16 0 1 72 96 -44 -81 0
piece 17 0 0 42 42 -13 -66 0
frame 80 5 -27 -117 31 5 0 0 0 0
piece 18 0 11 58 26 45 -73 0
piece 19 0 0 132 72 1 -96 0
piece 16 72 0 102 90 -51 -79 0
piece 17 44 2 36 30 -30 -67 0
piece 17 88 0 38 34 76 -80 0
frame 81 5 -27 -117 31 5 -43 -117 298 27
piece 18 62 1 216 22 62 -52 0
piece 16 175 0 112 88 -45 -76 0
piece 19 0 94 200 94 126 -106 0
piece 17 130 0 46 34 -57 -95 0
piece 17 179 4 62 20 242 -56 0
frame 82 6 -27 -117 31 5 0 0 0 0
piece 17 147 76 32 44 -40 -99 0
piece 16 287 0 80 88 -33 -76 0
piece 16 367 2 28 44 47 -74 0
piece 18 0 44 224 26 70 -42 0
piece 19 200 106 200 102 142 -105 0
piece 17 281 3 72 28 242 -41 0
frame 83 4 -27 -117 31 5 0 0 0 0
piece 19 149 0 246 106 71 -91 0
piece 16 0 97 86 96 -26 -81 0
piece 17 356 4 36 40 -30 -67 0
piece 17 0 48 44 32 47 -60 0
frame 84 4 -27 -117 31 5 0 0 0 0
piece 19 0 189 152 90 38 -88 0
piece 16 88 89 72 98 -25 -85 0
piece 17 46 37 40 32 -27 -62 0
piece 17 95 35 42 36 32 -73 0
frame 85 3 -27 -117 31 5 0 0 0 0
piece 16 160 88 64 102 -25 -86 0
piece 17 141 34 44 36 -22 -69 0
piece 17 190 32 28 42 24 -86 0
frame 86 3 -27 -117 31 5 0 0 0 0
piece 16 224 88 56 112 -23 -95 0
piece 17 224 32 20 32 18 -81 0
piece 17 251 60 44 24 -41 -63 0
frame 87 5 -27 -117 31 5 0 0 0 0
piece 18 0 73 202 20 41 -64 0
piece 16 280 88 90 82 -42 -75 0
piece 20 0 0 368 110 -61 -90 0
piece 17 251 60 44 24 -58 -77 0
piece 17 300 52 84 26 197 -70 0
frame 88 8 -27 -117 31 5 -43 -117 298 27
piece 16 0 194 88 86 -39 -76 0
piece 21 1 75 152 38 36 -67 0
piece 22 91 80 152 86 134 -83 0
piece 18 226 29 134 28 38 -59 0
piece 20 0 110 182 88 -47 -61 0
piece 20 185 110 182 144 128 -110 0
piece 17 52 76 28 40 -22 -79 0
piece 17 85 77 56 30 159 -81 0
frame 89 5 -27 -117 31 5 0 0 0 0
piece 20 0 256 308 84 -54 -81 0
piece 17 251 60 44 24 -33 -58 2
piece 18 226 62 28 22 -33 -49 0
piece 17 251 60 44 24 -21 -73 4
piece 16 88 192 72 84 -41 -70 0
frame 90 5 -27 -117 31 5 0 0 0 0
piece 20 0 340 282 74 -146 -84 0
piece 18 266 63 120 18 -124 -40 0
piece 16 161 200 72 82 -39 -72 0
piece 17 258 90 58 28 -57 -76 0
piece 17 363 90 30 22 -120 -52 2
frame 91 4 -27 -117 31 5 0 0 0 0
piece 17 2 116 44 30 -31 -63 0
piece 16 233 200 60 86 -30 -81 0
piece 20 181 403 186 84 -162 -67 0
piece 17 363 90 30 22 -48 -67 0
frame 92 4 -27 -117 31 5 0 0 0 0
piece 20 0 198 182 58 -134 -73 0
piece 16 293 169 68 90 -35 -85 0
piece 17 97 116 40 30 -4 -54 0
piece 17 363 90 30 22 -57 -59 0
frame 93 6 -27 -117 31 5 0 0 0 0
piece 18 0 93 164 124 -19 -157 0
piece 16 0 280 60 120 -33 -116 0
piece 20 297 307 54 76 -58 -45 0
piece 20 0 424 181 126 -21 -93 0
piece 17 140 124 34 44 8 -103 0
piece 17 181 127 32 56 125 -88 0
frame 94 6 -27 -117 31 5 -43 -117 298 27
piece 18 170 93 224 104 -44 -198 0
piece 17 271 127 34 60 150 -156 0
piece 16 60 280 68 110 -43 -105 0
piece 23 0 0 188 94 16 -89 0
piece 20 181 488 186 84 52 -171 0
piece 17 226 127 38 48 6 -105 0
frame 95 6 -27 -117 31 5 0 0 0 0
piece 23 8 94 128 118 94 -267 0
piece 18 0 219 170 174 -156 -255 0
piece 16 128 283 94 106 -51 -100 0
piece 23 188 0 170 98 -73 -272 0
piece 17 344 171 48 28 2 -231 0
piece 17 3 153 40 32 25 -77 0
frame 96 6 -27 -117 31 5 0 0 0 0
piece 16 222 287 80 100 -45 -90 0
piece 17 54 154 32 70 -257 -143 0
piece 18 171 198 208 132 -246 -135 0
piece 23 0 212 138 136 -278 -185 0
piece 23 136 102 264 110 -264 -289 0
piece 17 95 153 32 38 24 -90 0
frame 97 8 -27 -117 31 5 0 0 0 0
piece 18 0 395 158 64 -167 -35 0
piece 16 302 261 70 92 -27 -93 0
piece 21 200 240 106 31 -179 4 0
piece 23 138 212 158 136 -190 -58 0
piece 23 296 212 104 278 -294 -223 0
piece 16 376 323 12 16 -37 -12 0
piece 17 142 187 60 34 -228 -17 0
piece 17 208 185 28 38 27 -112 0
frame 98 5 -27 -117 31 5 0 0 0 0
piece 16 0 400 44 104 -21 -96 0
piece 18 170 329 166 80 -158 -45 0
piece 23 199 348 96 128 -318 -157 0
piece 23 1 350 198 132 -181 -58 0
piece 23 0 488 138 112 -311 -37 0
frame 99 7 -27 -117 31 5 0 0 0 0
piece 19 172 208 222 156 -123 -111 0
piece 16 44 400 80 106 -28 -97 0
piece 18 0 460 114 92 -61 -82 0
piece 17 4 229 60 32 -69 -14 0
piece 19 46 282 70 76 -186 -29 0
piece 24 0 0 110 154 -41 -83 0
piece 23 155 490 244 110 -256 -42 0
frame 100 8 -27 -117 31 5 -44 -118 249 32
piece 17 127 229 34 56 111 -96 0
piece 24 110 0 290 108 -121 -55 0
piece 18 152 409 184 120 -40 -171 0
piece 17 69 229 50 28 58 -116 0
piece 16 124 389 90 112 -42 -103 0
piece 24 0 153 112 142 58 -190 0
piece 19 134 364 128 168 0 -127 0
piece 19 0 364 134 116 -127 -59 0
frame 101 9 -27 -117 31 5 0 0 0 0
piece 25 0 0 144 114 -33 -176 0
piece 17 237 228 32 58 99 -130 0
piece 24 112 108 198 124 -45 -84 0
piece 24 112 232 174 130 -9 -203 0
piece 17 277 231 62 32 27 -143 0
piece 16 214 389 44 128 -19 -119 0
piece 19 262 364 132 126 -23 -160 0
piece 19 252 504 148 96 -53 -40 0
piece 19 8 506 78 72 -116 -11 0
frame 102 8 -27 -117 31 5 0 0 0 0
piece 17 277 231 62 32 -26 -240 0
piece 25 151 0 98 204 -95 -239 0
piece 24 311 108 88 235 64 -243 0
piece 17 346 227 54 44 -25 -172 0
piece 24 0 354 176 130 -110 -258 0
piece 16 257 387 66 114 -47 -103 0
piece 26 0 0 182 110 -57 -187 0
piece 26 186 0 214 134 -97 -81 0
frame 103 9 -27 -117 31 5 0 0 0 0
piece 25 1 117 120 52 -104 -45 0
piece 25 249 0 116 184 -145 -241 0
piece 16 323 356 72 116 -43 -102 0
piece 17 68 295 62 34 -97 -247 0
piece 26 188 134 212 122 -198 -89 0
piece 26 0 110 188 128 -199 -204 0
piece 24 190 362 210 116 -142 -268 0
piece 24 0 484 74 116 61 -240 0
piece 24 74 484 74 116 73 -164 0
frame 104 11 -27 -117 31 5 0 0 0 0
piece 25 0 172 152 170 -141 -205 0
piece 17 138 290 30 65 -140 -230 0
piece 25 152 209 132 92 -85 -77 0
piece 24 150 478 250 122 -157 -250 0
piece 26 0 245 164 126 -187 -202 0
piece 16 1 506 64 94 -21 -103 0
piece 17 331 297 60 30 -57 -8 0
piece 16 379 48 14 20 -19 -9 0
piece 16 373 70 14 14 8 -9 0
piece 27 3 0 48 90 83 -213 0
piece 26 164 264 236 120 -180 -78 0
frame 105 10 -27 -117 31 5 0 0 0 0
piece 26 87 391 164 116 -153 -77 0
piece 26 0 387 88 116 -172 -140 0
piece 26 272 384 128 164 9 -128 0
piece 25 6 347 160 58 -106 -68 0
piece 25 288 205 112 142 -5 -147 0
piece 16 68 508 46 92 -21 -125 0
piece 16 122 501 56 46 -31 -35 0
piece 27 51 0 232 118 -167 -96 0
piece 27 0 126 170 70 -161 -276 0
piece 27 284 0 116 118 -172 -213 0
frame 106 7 -27 -117 31 5 -44 -118 249 32
piece 28 158 0 240 124 -51 -103 0
piece 16 180 516 76 84 -35 -120 0
piece 25 166 347 182 94 -43 -208 0
piece 25 355 355 42 78 29 -100 0
piece 16 120 552 56 48 -34 -36 0
piece 27 170 118 230 148 -135 -142 0
piece 28 0 1 160 130 38 -229 0
frame 107 7 -27 -117 31 5 0 0 0 0
piece 25 1 411 122 172 -81 -260 0
piece 25 125 443 52 60 0 -124 0
piece 16 258 502 68 98 -33 -107 0
piece 16 377 95 16 14 -12 -9 0
piece 27 0 203 170 118 -101 -109 0
piece 28 0 131 174 122 -92 -279 0
piece 28 302 124 98 214 80 -263 0
frame 108 7 -27 -117 31 5 0 0 0 0
piece 28 202 124 100 168 33 -280 0
piece 25 185 441 64 154 -158 -268 0
piece 25 127 508 46 54 -18 -108 0
piece 27 170 267 180 126 -95 -127 0
piece 28 0 271 238 122 -181 -303 0
piece 16 332 480 60 116 -30 -101 0
piece 25 251 444 74 42 -101 -125 0
frame 109 8 -27 -117 31 5 0 0 0 0
piece 25 249 493 74 54 -70 -104 0
piece 25 331 452 58 136 -193 -217 0
piece 27 0 321 112 142 -29 -138 0
piece 28 260 338 100 122 21 -277 0
piece 28 0 400 246 122 -216 -294 0
piece 29 0 1 60 110 -32 -103 0
piece 30 83 0 74 64 -22 -87 0
piece 25 249 553 70 36 -140 -100 0
frame 110 6 -27 -117 31 5 0 0 0 0
piece 31 0 0 98 86 -257 -137 0
piece 31 98 0 170 54 -166 -82 0
piece 28 258 460 142 140 -299 -216 0
piece 28 0 522 252 78 -289 -283 0
piece 29 60 2 68 108 -35 -96 0
piece 27 128 396 82 64 -31 -140 0
frame 111 6 -27 -117 31 5 0 0 0 0
piece 31 0 90 30 20 -24 -74 0
piece 29 128 0 68 108 -40 -98 0
piece 31 272 0 128 36 -150 -65 0
piece 27 278 394 122 84 -28 -137 0
piece 32 144 6 224 96 -250 -106 0
piece 32 0 7 136 148 -269 -250 0
frame 112 5 -27 -117 31 5 0 0 0 0
piece 29 196 0 58 124 -33 -110 0
piece 31 108 89 40 62 -28 -114 0
piece 33 0 0 116 76 -34 -142 0
piece 32 136 102 246 110 -233 -106 0
piece 32 2 156 66 142 -290 -155 0
frame 113 5 -27 -117 31 5 0 0 0 0
piece 17 0 366 68 44 -78 -64 0
piece 32 68 212 186 112 -246 -101 0
piece 31 150 58 88 78 -74 -121 0
piece 32 254 213 128 134 -77 -132 0
piece 29 254 0 96 114 -43 -100 0
frame 114 8 -27 -117 31 5 0 0 0 0
piece 31 244 60 154 26 -204 -83 0
piece 32 252 351 86 110 -34 -86 0
piece 29 0 112 110 94 -57 -81 0
piece 17 85 372 70 36 -245 -53 0
piece 17 159 366 76 32 -242 -123 0
piece 31 239 97 56 54 -254 -103 0
piece 32 2 324 226 120 -257 -76 0
piece 33 116 0 284 108 -265 -159 0
frame 115 7 -27 -117 31 5 0 0 0 0
piece 29 110 112 80 100 -43 -89 0
piece 17 243 362 72 42 -323 -80 0
piece 31 0 151 208 66 -166 -95 0
piece 31 296 94 104 56 -264 -91 0
piece 33 0 216 130 138 -310 -150 0
piece 32 0 434 246 104 -315 -87 0
piece 33 130 216 160 84 -188 -147 0
frame 116 8 -27 -117 31 5 0 0 0 0
piece 31 0 223 244 122 -198 -107 0
piece 17 321 366 68 28 -181 -13 0
piece 29 190 126 94 94 -48 -83 0
piece 33 1 108 242 108 -302 -66 0
piece 17 2 413 68 32 -249 -110 0
piece 33 243 108 156 94 -299 -150 0
piece 32 263 461 118 104 -195 -133 0
piece 34 0 0 84 96 -278 -123 0
frame 117 10 -27 -117 31 5 0 0 0 0
piece 31 0 348 214 124 -78 -116 0
piece 29 288 114 68 82 -29 -81 0
piece 29 287 200 24 32 -52 -22 0
piece 17 147 409 62 30 -9 -16 0
piece 35 375 158 18 6 12 -49 0
piece 17 76 415 70 28 -79 -125 0
piece 33 0 354 268 84 -196 -38 0
piece 33 290 202 110 138 -304 -100 0
piece 34 96 0 278 110 -238 -152 0
piece 34 0 116 66 98 -304 -133 0
frame 118 8 -27 -117 31 5 -44 -118 229 32
piece 29 0 208 110 68 -58 -57 0
piece 17 289 420 50 24 41 -34 0
piece 31 244 154 156 90 -3 -103 0
piece 17 219 413 62 32 9 -114 0
piece 33 0 438 278 94 -164 -54 0
piece 33 274 352 116 82 -276 -38 0
piece 34 96 110 276 110 -157 -165 0
piece 34 0 216 96 80 -252 -160 0
frame 119 11 -27 -117 31 5 0 0 0 0
piece 34 119 220 280 166 -64 -158 0
piece 36 0 0 261 227 28 -179 0
piece 29 0 208 110 68 -58 -57 0
piece 17 3 452 62 34 58 -92 0
piece 34 2 299 92 76 -153 -160 0
piece 17 352 405 36 40 130 -54 0
piece 31 237 324 66 42 -61 -83 0
piece 31 244 244 156 80 2 -89 0
piece 33 278 434 122 94 53 -97 0
piece 37 0 0 300 80 -130 -26 0
piece 33 197 281 90 72 -25 -93 0
frame 120 9 -27 -117 31 5 0 0 0 0
piece 31 0 472 230 44 -114 -84 0
piece 36 0 229 261 172 50 -158 0
piece 31 0 519 220 70 -17 -41 0
piece 17 73 455 60 40 126 -68 0
piece 34 240 386 146 88 79 -48 0
piece 34 0 386 238 74 -9 -118 0
piece 29 0 208 110 68 -58 -57 0
piece 37 0 204 154 140 27 -95 0
piece 37 0 80 178 124 -130 -70 0
frame 121 12 -27 -117 31 5 0 0 0 0
piece 31 214 391 148 60 -166 -100 0
piece 36 0 403 261 113 57 -126 0
piece 29 0 208 110 68 -58 -57 0
piece 38 137 145 66 26 120 -92 0
piece 31 235 455 140 24 25 7 0
piece 17 137 475 72 28 120 -4 0
piece 31 303 324 84 66 -49 -36 0
piece 34 211 474 146 86 94 -39 0
piece 17 146 443 60 24 -81 -110 0
piece 34 0 466 208 84 6 -114 0
piece 37 300 0 100 94 -92 -160 0
piece 37 203 94 188 168 0 -147 0
frame 122 11 -27 -117 31 5 0 0 0 0
piece 31 224 553 176 38 -145 -85 0
piece 39 0 0 194 119 84 -127 0
piece 29 110 214 76 74 -40 -79 0
piece 29 313 200 24 18 -45 -9 0
piece 17 215 450 42 40 -168 -98 0
piece 29 320 221 20 12 4 -8 0
piece 17 257 459 60 30 -93 -3 0
piece 31 268 482 104 74 -96 -53 0
piece 37 0 353 86 146 -180 -166 0
piece 37 165 262 234 144 -97 -176 0
piece 40 0 0 334 118 -117 -44 0
frame 123 7 -27 -117 31 5 0 0 0 0
piece 37 179 406 220 92 -179 -125 0
piece 39 0 123 238 126 65 -131 0
piece 29 205 220 53 62 -29 -97 0
piece 17 331 451 40 52 7 -99 0
piece 29 280 234 74 48 -44 -35 0
piece 40 117 119 210 94 -103 -103 0
piece 40 0 137 116 76 -91 -39 0
frame 124 3 -27 -117 31 5 0 0 0 0
piece 41 78 0 62 92 -25 -97 0
piece 41 105 92 24 18 2 -5 0
piece 42 1 0 40 52 23 -105 0
frame 125 3 -27 -117 31 5 0 0 0 0
piece 42 41 43 48 20 4 -64 0
piece 42 41 1 48 42 23 -103 2
piece 41 140 0 60 114 -25 -102 0
frame 126 3 -27 -117 31 5 0 0 0 0
piece 42 89 0 54 52 -3 -104 0
piece 41 200 0 46 116 -24 -108 0
piece 41 246 36 12 14 22 -72 0
frame 127 4 -27 -117 31 5 0 0 0 0
piece 41 260 0 54 64 -26 -115 0
piece 41 256 64 76 62 -30 -51 0
piece 42 143 2 38 24 2 -117 0
piece 42 181 0 50 36 -11 -65 0
frame 128 3 -27 -117 31 5 0 0 0 0
piece 42 289 0 42 26 34 -100 0
piece 41 1 104 88 110 -39 -100 0
piece 42 233 0 56 30 -44 -36 0
frame 129 7 -27 -117 31 5 0 0 0 0
piece 42 366 0 34 60 23 -36 2
piece 41 89 114 98 88 -54 -76 0
piece 43 0 0 88 74 37 -54 0
piece 43 88 0 44 66 86 -120 0
piece 44 0 0 126 62 -51 -48 0
piece 44 126 0 32 48 41 -92 0
piece 42 333 0 33 52 -62 -47 0
frame 130 6 -27 -117 31 5 0 0 0 0
piece 41 187 116 70 114 -43 -113 0
piece 42 0 52 44 64 -40 -40 0
piece 45 2 3 32 40 -68 -105 0
piece 43 132 0 114 82 -24 -53 0
piece 44 158 0 146 86 -81 -94 0
piece 42 0 52 44 64 -93 -93 0
frame 131 9 -27 -117 31 5 0 0 0 0
piece 41 257 126 74 122 -34 -161 0
piece 45 36 2 86 36 -63 -189 0
piece 45 123 1 50 56 -73 -70 0
piece 42 332 66 68 54 -91 -190 0
piece 43 246 0 154 102 -77 -80 0
piece 43 383 106 16 58 77 -94 0
piece 44 304 0 80 138 -89 -186 0
piece 44 315 141 80 36 -34 -79 0
piece 42 281 36 48 58 -96 -48 0
frame 132 9 -27 -117 31 5 0 0 0 0
piece 41 0 214 116 110 -55 -193 0
piece 45 176 5 114 50 -144 -198 0
piece 42 332 66 68 54 -185 -182 0
piece 45 0 52 66 132 47 -241 0
piece 43 0 74 100 208 -177 -184 0
piece 42 91 56 58 80 50 -281 0
piece 43 0 282 94 64 -79 -26 0
piece 44 0 62 144 114 -41 -271 0
piece 44 146 86 54 118 -93 -235 0
frame 133 12 -27 -117 31 5 0 0 0 0
piece 41 118 204 84 84 -42 -185 0
piece 41 205 239 48 70 -27 -106 0
piece 45 71 57 114 70 -138 -198 0
piece 45 185 58 62 126 -153 -141 0
piece 42 149 55 64 66 -123 -50 0
piece 45 247 55 46 72 34 -182 0
piece 43 100 102 230 158 -148 -155 0
piece 43 338 236 62 102 8 -257 0
piece 42 91 56 58 80 16 -234 0
piece 44 65 256 98 154 -26 -309 0
piece 44 65 176 80 80 -104 -321 0
piece 44 0 185 65 96 -168 -298 0
frame 134 9 -27 -117 31 5 0 0 0 0
piece 46 1 1 360 236 -123 -125 0
piece 47 8 0 392 238 -125 -188 0
piece 48 133 0 126 82 -57 -68 0
piece 49 3 127 34 40 39 -45 0
piece 43 99 260 240 228 -123 -227 0
piece 43 13 356 82 164 8 -145 0
piece 44 166 205 234 204 -108 -168 0
piece 44 200 183 154 22 -74 -190 0
piece 42 230 38 42 80 31 -60 0
frame 135 6 -27 -117 31 5 -120 -70 282 70
piece 46 1 238 398 244 -155 -123 0
piece 47 10 239 386 356 -121 -301 0
piece 46 378 1 22 186 243 -96 0
piece 48 260 0 70 82 -2 -67 0
piece 48 1 97 58 54 -59 -50 0
piece 42 230 38 42 80 33 -62 0
frame 136 8 -27 -117 31 5 0 0 0 0
piece 50 1 1 270 260 17 -135 0
piece 51 212 398 188 132 -170 -136 0
piece 50 272 1 128 128 -110 -4 0
piece 50 338 132 60 114 -170 -4 0
piece 48 62 106 40 36 -60 -32 0
piece 48 102 82 90 70 -20 -56 0
piece 42 230 38 42 80 33 -62 0
piece 52 2 98 396 356 -141 -311 0
frame 137 6 -27 -117 31 5 0 0 0 0
piece 53 89 1 310 266 -182 -132 0
piece 53 2 268 162 264 128 -128 0
piece 48 192 81 138 76 -67 -63 0
piece 42 230 38 42 80 33 -62 0
piece 54 1 1 270 226 -79 -166 0
piece 52 69 456 256 144 -73 -309 0
frame 138 10 -27 -117 31 5 0 0 0 0
piece 55 258 5 140 264 -191 -133 0
piece 55 1 275 350 268 -51 -135 0
piece 56 138 82 136 76 -63 -59 0
piece 48 62 106 40 36 -60 -32 0
piece 48 102 82 90 70 -20 -56 0
piece 42 230 38 42 80 33 -62 0
piece 54 102 360 154 224 -52 -183 0
piece 54 101 228 154 130 -53 -312 0
piece 54 259 360 58 216 101 -175 0
piece 54 323 359 72 136 101 -310 0
frame 139 10 -27 -117 31 5 0 0 0 0
piece 57 2 238 83 195 211 -97 0
piece 57 1 1 398 235 -187 -131 0
piece 56 275 81 124 76 -63 -59 0
piece 56 1 166 12 66 61 -52 0
piece 48 62 106 40 36 -60 -32 0
piece 48 102 82 90 70 -20 -56 0
piece 42 230 38 42 80 33 -62 0
piece 58 209 1 142 324 19 -294 0
piece 58 99 332 68 186 -49 -156 0
piece 58 19 332 68 136 -49 -291 0
frame 140 8 -27 -117 31 5 0 0 0 0
piece 57 89 238 310 210 -149 -109 0
piece 59 1 1 96 190 161 -91 0
piece 56 14 166 134 80 -61 -64 0
piece 48 260 0 70 82 -2 -67 0
piece 48 1 97 58 54 -59 -50 0
piece 42 230 38 42 80 33 -62 0
piece 58 2 519 172 56 -36 -38 0
piece 58 175 332 194 268 -41 -305 0
frame 141 5 -27 -117 31 5 0 0 0 0
piece 59 3 194 92 186 162 -87 0
piece 59 98 1 302 212 -139 -108 0
piece 48 1 152 124 98 -56 -69 0
piece 42 230 38 42 80 33 -62 0
piece 60 1 1 186 266 -56 -302 0
frame 142 6 -27 -117 31 5 0 0 0 0
piece 59 3 386 82 170 159 -82 0
piece 59 99 215 300 212 -141 -106 0
piece 56 0 248 26 54 72 -45 0
piece 42 308 130 64 80 26 -63 0
piece 48 125 157 102 90 -40 -75 0
piece 60 194 1 164 270 -34 -301 0
frame 143 8 -27 -117 31 5 0 0 0 0
piece 61 148 70 72 28 168 28 0
piece 61 219 70 75 27 168 4 0
piece 59 100 428 300 128 -130 -107 0
piece 61 1 0 298 66 -128 20 0
piece 61 300 8 72 80 169 -76 0
piece 48 228 157 80 104 -26 -87 0
piece 42 0 138 78 68 3 -48 0
piece 60 2 270 182 212 -54 -309 0
frame 144 4 -27 -117 31 5 0 0 0 0
piece 61 3 289 370 184 -122 -104 0
piece 41 253 248 78 74 -19 -86 0
piece 41 129 289 64 36 -32 -23 0
piece 42 78 137 94 68 2 -58 0
frame 145 5 -27 -117 31 5 0 0 0 0
piece 62 71 1 254 154 -77 -80 0
piece 48 1 2 76 94 -29 -95 0
piece 48 85 42 32 36 -41 -28 0
piece 56 376 291 24 14 -42 0 0
piece 42 177 141 112 58 -22 -65 0
frame 146 3 -27 -117 31 5 0 0 0 0
piece 63 0 0 96 68 -37 -61 0
piece 64 0 2 62 116 -43 -106 0
piece 65 0 0 24 36 -45 -89 0
frame 147 3 -27 -117 31 5 0 0 0 0
piece 64 62 2 64 124 -44 -113 0
piece 65 24 0 26 32 -64 -114 0
piece 66 0 0 161 80 -79 -99 0
frame 148 4 -27 -117 31 5 0 0 0 0
piece 64 126 1 58 134 -36 -123 0
piece 65 50 0 54 26 -79 -143 0
piece 66 161 0 80 68 -124 -133 0
piece 66 242 9 158 72 -108 -77 0
frame 149 6 -27 -117 31 5 0 0 0 0
piece 64 184 2 54 132 -20 -114 0
piece 65 104 0 62 76 -30 -185 0
piece 65 166 0 14 20 -26 -67 0
piece 66 0 80 120 60 -110 -196 0
piece 66 120 80 130 134 -108 -148 0
piece 67 0 0 104 66 -34 -52 0
frame 150 8 -27 -117 31 5 0 0 0 0
piece 67 0 74 154 72 -77 -45 0
piece 67 216 2 84 86 74 -74 0
piece 67 104 3 112 66 -85 -109 0
piece 65 181 1 36 18 -43 -94 0
piece 65 217 0 42 98 42 -187 0
piece 66 250 81 150 120 -61 -249 0
piece 66 1 141 72 192 -132 -228 0
piece 64 239 1 78 118 -33 -101 0
frame 151 10 -27 -117 31 5 -81 -162 177 27
piece 67 0 146 156 98 -102 -79 0
piece 64 317 1 80 104 -34 -87 0
piece 65 259 0 64 98 -30 -166 0
piece 65 323 0 76 66 26 -49 0
piece 67 306 132 58 98 52 -70 0
piece 67 310 16 64 114 110 -125 0
piece 66 139 294 152 76 30 -56 0
piece 66 0 333 138 122 52 -169 0
piece 66 73 214 252 80 -101 -232 0
piece 67 156 88 136 108 -107 -182 0
frame 152 11 -27 -117 31 5 0 0 0 0
piece 64 0 118 50 114 -23 -95 0
piece 65 2 40 90 52 -83 -62 0
piece 65 132 99 104 112 18 -125 0
piece 66 325 201 74 140 -90 -75 0
piece 66 145 370 128 132 -19 -60 0
piece 66 280 341 108 178 90 -130 0
piece 66 149 503 78 38 111 -166 0
piece 66 0 457 112 64 47 -230 0
piece 67 256 238 136 88 16 -173 0
piece 67 0 244 240 84 -96 -251 0
piece 67 268 326 132 160 -101 -175 0
frame 153 11 -27 -117 31 5 0 0 0 0
piece 64 50 126 72 112 -39 -96 0
piece 65 237 98 98 60 -42 -52 0
piece 65 0 92 104 34 -112 -152 0
piece 65 104 101 28 74 -8 -143 0
piece 67 0 328 74 190 -121 -226 0
piece 68 0 0 212 88 -208 -165 0
piece 68 0 88 122 164 -211 -87 0
piece 68 212 0 188 95 -137 -8 0
piece 67 74 328 194 110 -47 -87 0
piece 67 73 447 140 80 9 -153 0
piece 67 226 486 174 72 -48 -225 0
frame 154 11 -27 -117 31 5 0 0 0 0
piece 64 122 135 100 116 -55 -102 0
piece 65 0 126 104 84 -152 -114 0
piece 65 132 99 104 112 17 -114 0
piece 69 297 0 102 156 18 -202 0
piece 70 134 162 120 84 24 -146 0
piece 70 152 66 248 96 -116 -235 0
piece 69 198 0 100 146 5 -76 0
piece 70 275 162 120 84 17 -83 0
piece 70 110 109 42 58 -158 -191 0
piece 69 0 0 76 158 -161 -115 0
piece 69 82 0 110 138 -97 -76 0
frame 155 12 -27 -117 31 5 -174 -193 212 26
piece 64 222 134 90 122 -38 -110 0
piece 65 106 234 38 74 13 -174 0
piece 65 0 210 136 24 -93 -198 0
piece 65 144 211 74 68 -10 -41 0
piece 69 164 146 64 72 -10 -212 0
piece 70 2 327 164 92 -15 -57 0
piece 70 0 420 134 138 28 -182 0
piece 70 0 246 118 82 -154 -228 0
piece 69 232 155 168 58 -107 -30 0
piece 69 0 157 164 82 -174 -201 0
piece 69 0 239 98 150 -177 -129 0
piece 70 132 246 172 58 -38 -234 0
frame 156 13 -27 -117 31 5 0 0 0 0
piece 64 312 105 78 108 -29 -90 0
piece 65 303 255 82 48 37 -83 0
piece 65 358 211 38 44 92 -127 0
piece 65 303 210 44 22 -43 -87 0
piece 65 219 210 84 74 -127 -87 0
piece 70 168 324 128 146 -133 -75 0
piece 70 316 450 76 112 -10 -52 0
piece 70 308 251 92 198 52 -152 0
piece 70 150 475 166 80 -33 -229 0
piece 69 164 331 142 120 17 -169 0
piece 69 182 218 218 82 -67 -243 0
piece 69 8 389 66 80 -108 -247 0
piece 69 97 243 66 210 -173 -221 0
frame 157 10 -27 -117 31 5 0 0 0 0
piece 69 288 504 106 96 -18 -105 0
piece 64 0 232 62 106 -31 -92 0
piece 65 110 315 34 104 12 -166 0
piece 65 2 308 108 26 -96 -173 0
piece 68 0 0 212 88 -182 -186 0
piece 68 0 88 122 164 -185 -108 0
piece 68 212 0 188 95 -111 -30 0
piece 69 306 298 94 206 59 -218 0
piece 69 100 454 164 146 -100 -253 0
piece 69 3 469 80 100 -172 -246 0
frame 158 8 -27 -117 31 5 0 0 0 0
piece 65 210 284 92 98 2 -141 0
piece 65 144 285 66 40 -77 -78 0
piece 71 209 0 158 126 -86 -78 0
piece 71 130 0 72 178 65 -143 0
piece 71 2 0 128 82 -10 -223 0
piece 64 62 238 52 114 -29 -101 0
piece 68 122 95 270 156 -128 -249 0
piece 68 0 252 82 190 -206 -213 0
frame 159 12 -27 -117 31 5 -129 -177 204 33
piece 65 324 327 42 70 -17 -177 0
piece 65 310 311 74 16 -86 -179 0
piece 65 0 334 110 58 -57 -77 0
piece 71 328 133 72 214 34 -198 0
piece 71 134 178 182 90 -135 -51 0
piece 68 82 323 190 96 -51 -101 0
piece 68 272 323 128 88 14 -173 0
piece 68 82 251 280 72 -152 -232 0
piece 71 0 170 134 86 -152 -191 0
piece 64 188 309 20 66 23 -55 0
piece 71 191 269 127 72 -155 -121 0
piece 64 114 251 74 120 -51 -113 0
frame 160 15 -27 -117 31 5 0 0 0 0
piece 68 86 522 114 72 -57 -34 0
piece 68 204 493 108 94 -51 -118 0
piece 68 320 423 80 176 54 -163 0
piece 68 82 419 212 74 -88 -230 0
piece 64 208 256 82 126 -38 -121 0
piece 64 269 382 22 6 23 5 0
piece 72 32 66 60 30 36 -70 0
piece 72 92 0 28 96 96 -136 0
piece 72 32 0 60 24 -87 -138 0
piece 72 0 0 32 82 -119 -138 0
piece 68 0 442 82 158 -122 -142 0
piece 71 218 362 104 150 24 -189 0
piece 71 1 256 127 84 -60 -267 0
piece 71 128 270 62 70 67 -253 0
piece 71 322 347 78 210 -121 -257 0
frame 161 10 -27 -117 31 5 0 0 0 0
piece 73 0 88 204 78 -132 -45 0
piece 64 290 245 84 134 -38 -120 0
piece 72 120 0 96 80 -63 -195 0
piece 72 222 1 88 48 10 -63 0
piece 73 0 0 180 88 -150 -202 0
piece 73 180 0 150 90 -153 -133 0
piece 73 337 0 62 206 69 -189 0
piece 71 1 440 134 118 12 -135 0
piece 71 136 440 88 118 53 -251 0
piece 71 0 341 206 98 -148 -261 0
frame 162 11 -27 -117 31 5 0 0 0 0
piece 64 0 343 84 98 -34 -89 0
piece 72 56 100 44 30 -48 -108 0
piece 72 0 100 56 52 -104 -108 0
piece 72 100 80 96 66 43 -116 0
piece 74 2 87 96 166 44 -124 0
piece 74 135 0 88 126 44 -244 0
piece 73 0 255 152 134 11 -181 0
piece 73 5 166 218 84 -59 -259 0
piece 73 232 90 88 210 -147 -255 0
piece 74 0 0 134 82 -121 -118 0
piece 74 224 0 176 102 -113 -51 0
frame 163 9 -27 -117 31 5 -110 -177 230 51
piece 64 317 1 80 104 -34 -87 0
piece 65 259 0 64 98 -30 -166 0
piece 65 323 0 76 66 26 -49 0
piece 74 270 101 130 206 5 -156 0
piece 66 139 294 152 76 30 -56 0
piece 66 0 333 138 122 52 -169 0
piece 66 73 214 252 80 -101 -232 0
piece 74 98 127 150 102 -118 -177 0
piece 74 0 253 138 128 -125 -79 0
frame 164 11 -27 -117 31 5 0 0 0 0
piece 64 0 118 50 114 -23 -95 0
piece 65 2 40 90 52 -83 -62 0
piece 65 132 99 104 112 18 -125 0
piece 66 325 201 74 140 -90 -75 0
piece 66 145 370 128 132 -19 -60 0
piece 66 280 341 108 178 90 -130 0
piece 66 149 503 78 38 110 -166 0
piece 66 0 457 112 64 45 -230 0
piece 67 256 238 136 88 16 -173 0
piece 67 0 244 240 84 -96 -251 0
piece 67 268 326 132 160 -101 -175 0
frame 165 12 -27 -117 31 5 -176 -193 200 32
piece 64 222 134 90 122 -38 -110 0
piece 65 106 234 38 74 13 -174 0
piece 65 0 210 136 24 -93 -198 0
piece 65 144 211 74 68 -10 -41 0
piece 69 164 146 64 72 -10 -212 0
piece 70 2 327 164 92 -17 -56 0
piece 70 0 420 134 138 26 -181 0
piece 70 0 246 118 82 -156 -227 0
piece 69 232 155 168 58 -107 -30 0
piece 69 0 157 164 82 -174 -201 0
piece 69 0 239 98 150 -177 -129 0
piece 70 132 246 172 58 -40 -233 0
frame 166 13 -27 -117 31 5 0 0 0 0
piece 64 312 105 78 108 -29 -90 0
piece 65 303 255 82 48 37 -83 0
piece 65 358 211 38 44 92 -127 0
piece 65 303 210 44 22 -43 -87 0
piece 65 219 210 84 74 -127 -87 0
piece 70 168 324 128 146 -133 -75 0
piece 70 316 450 76 112 -10 -52 0
piece 70 308 251 92 198 52 -152 0
piece 70 150 475 166 80 -33 -229 0
piece 69 164 331 142 120 17 -169 0
piece 69 182 218 218 82 -67 -243 0
piece 69 8 389 66 80 -108 -247 0
piece 69 97 243 66 210 -173 -222 0
frame 167 10 -27 -117 31 5 0 0 0 0
piece 69 288 504 106 96 -18 -105 0
piece 64 0 232 62 106 -31 -92 0
piece 65 110 315 34 104 12 -166 0
piece 65 2 308 108 26 -96 -173 0
piece 68 0 0 212 88 -182 -186 0
piece 68 0 88 122 164 -185 -108 0
piece 68 212 0 188 95 -111 -30 0
piece 69 306 298 94 206 59 -221 0
piece 69 100 454 164 146 -100 -256 0
piece 69 3 469 80 100 -172 -249 0
frame 168 11 -27 -117 31 5 0 0 0 0
piece 64 0 343 84 98 -34 -89 0
piece 72 56 100 44 30 -48 -108 0
piece 72 0 100 56 52 -104 -108 0
piece 72 100 80 96 66 43 -116 0
piece 74 2 87 96 166 44 -124 0
piece 74 135 0 88 126 44 -244 0
piece 73 0 255 152 134 11 -181 0
piece 73 5 166 218 84 -59 -259 0
piece 73 232 90 88 210 -147 -256 0
piece 74 0 0 134 82 -121 -118 0
piece 74 224 0 176 102 -113 -51 0
frame 169 10 -27 -117 31 5 0 0 0 0
piece 64 84 374 74 130 -38 -123 0
piece 72 262 78 26 100 -11 -220 0
piece 72 200 81 62 24 -73 -217 0
piece 72 235 56 66 22 6 -56 0
piece 74 0 381 88 148 -154 -240 0
piece 74 88 381 184 78 -75 -246 0
piece 73 152 300 176 86 -151 -226 0
piece 73 320 230 80 98 -162 -142 0
piece 73 0 395 130 76 -145 -44 0
piece 74 138 238 132 144 4 -170 0
frame 170 6 -27 -117 31 5 0 0 0 0
piece 72 0 155 76 70 -21 -77 0
piece 72 76 148 44 108 21 -196 0
piece 73 0 502 108 90 -29 -160 0
piece 64 158 382 70 112 -36 -105 0
piece 73 130 386 206 98 -133 -250 0
piece 74 272 307 128 230 11 -213 0
frame 171 7 -27 -117 31 5 0 0 0 0
piece 72 120 146 84 88 -57 -70 0
piece 73 108 504 156 96 -92 -138 0
piece 64 228 388 110 106 -59 -104 0
piece 73 336 328 64 134 -2 -256 0
piece 73 266 516 124 82 -120 -258 0
piece 74 0 530 160 70 -59 -43 0
piece 74 176 458 86 142 33 -185 0
frame 172 8 -27 -117 31 5 0 0 0 0
piece 75 0 0 150 74 -87 -88 0
piece 64 338 379 62 104 -74 -101 0
piece 64 338 484 62 82 -13 -87 0
piece 72 204 147 42 104 -83 -74 0
piece 75 148 0 76 116 4 -195 0
piece 76 0 0 54 138 -95 -63 0
piece 76 196 84 92 106 -42 -19 0
piece 76 62 0 54 128 50 -79 0
frame 173 6 -27 -117 31 5 0 0 0 0
piece 64 157 504 68 72 -65 -115 0
piece 64 233 503 96 74 -39 -72 0
piece 72 0 256 114 110 -142 -172 0
piece 75 50 74 110 158 -158 -177 0
piece 76 0 132 126 58 -163 -139 0
piece 76 288 66 112 138 -169 -81 0
frame 174 10 -27 -117 31 5 0 0 0 0
piece 77 0 1 94 92 -37 -108 0
piece 72 132 252 114 46 23 -239 0
piece 75 169 116 230 118 -123 -267 0
piece 75 0 226 70 140 -193 -232 0
piece 75 71 233 156 92 -203 -107 0
piece 77 0 93 22 14 -38 -16 0
piece 72 154 298 92 110 45 -193 0
piece 76 184 204 216 134 -137 -236 0
piece 76 1 191 64 144 -198 -202 0
piece 76 69 201 114 116 -199 -59 0
frame 175 7 -27 -117 31 5 0 0 0 0
piece 78 0 0 164 176 84 -107 4
piece 78 0 0 164 176 248 -108 0
piece 77 27 121 36 26 -35 -27 0
piece 77 96 0 132 64 -33 -57 0
piece 72 0 406 148 38 89 -52 0
piece 63 98 0 93 54 195 -93 0
piece 79 0 0 172 220 173 -208 0
frame 176 7 -27 -117 31 5 0 0 0 0
piece 78 164 0 221 221 247 -143 0
piece 78 164 0 221 221 26 -143 4
piece 77 234 0 106 58 -11 -53 0
piece 77 0 110 26 22 -36 -26 0
piece 72 154 408 140 32 87 -28 0
piece 63 0 68 96 66 200 -43 0
piece 79 176 0 259 269 105 -246 0
frame 177 7 -27 -117 31 5 0 0 0 0
piece 78 0 247 206 235 248 -136 0
piece 78 0 247 206 235 42 -135 4
piece 77 63 96 92 58 1 -51 0
piece 77 27 121 36 26 -35 -26 0
piece 72 155 444 140 26 86 -21 0
piece 63 0 68 96 66 200 -43 0
piece 79 0 270 255 283 120 -259 0
frame 178 7 -27 -117 31 5 0 0 0 0
piece 77 71 154 64 52 -34 -47 0
piece 78 212 257 213 203 34 -116 4
piece 78 212 257 213 203 247 -116 0
piece 77 135 148 68 58 30 -53 0
piece 72 0 366 150 24 83 -18 0
piece 63 0 68 96 66 205 -42 0
piece 79 255 284 229 316 146 -291 0
frame 179 7 -27 -117 31 5 0 0 0 0
piece 77 71 154 64 52 -34 -45 0
piece 78 0 482 202 219 46 -131 4
piece 78 0 482 202 219 248 -131 0
piece 77 135 148 68 58 30 -51 0
piece 72 0 366 150 24 83 -16 0
piece 63 0 68 96 66 203 -42 0
piece 80 0 0 253 344 137 -310 0
frame 180 7 -27 -117 31 5 0 0 0 0
piece 78 206 475 219 226 29 -145 4
piece 78 206 475 219 226 248 -145 0
piece 77 71 154 64 52 -34 -46 0
piece 77 135 148 68 58 30 -52 0
piece 72 0 366 150 24 82 -18 0
piece 63 0 68 96 66 200 -43 0
piece 80 253 0 271 363 129 -335 0
frame 181 7 -27 -117 31 5 0 0 0 0
piece 81 0 0 206 234 42 -148 4
piece 81 0 0 206 234 248 -148 0
piece 72 0 366 150 24 83 -17 0
piece 77 71 154 64 52 -33 -45 0
piece 77 135 148 68 58 31 -51 0
piece 63 0 68 96 66 201 -43 0
piece 80 0 344 283 388 122 -382 0
frame 182 6 -27 -117 31 5 0 0 0 0
piece 77 157 65 96 68 -44 -59 0
piece 72 8 444 110 30 -37 -16 0
piece 81 206 0 210 240 41 -151 4
piece 81 206 0 210 240 245 -151 0
piece 80 283 363 298 369 114 -370 0
piece 63 0 134 156 59 0 -24 0
frame 183 7 -27 -117 31 5 0 0 0 0
piece 77 257 65 62 62 -14 -68 0
piece 63 98 0 93 54 18 -71 0
piece 77 300 134 34 70 -42 -59 0
piece 81 0 234 206 247 248 -158 0
piece 82 0 0 290 385 107 -420 0
piece 81 0 234 206 247 42 -158 4
piece 63 98 0 93 54 -37 -51 0
frame 184 5 -27 -117 31 5 0 0 0 0
piece 77 0 149 64 52 -26 -94 0
piece 77 208 145 78 60 -39 -49 0
piece 1 0 162 110 80 -29 -86 0
piece 81 206 240 210 221 248 -132 0
piece 81 206 240 210 221 38 -132 4
frame 185 2 -27 -117 31 5 0 0 0 0
piece 83 0 0 80 106 -8 -98 0
piece 1 0 0 118 88 -6 -102 0
frame 186 3 -27 -117 31 5 0 0 0 0
piece 83 80 0 80 106 -9 -104 0
piece 83 80 106 20 12 -9 2 0
piece 84 0 0 24 57 39 -105 0
frame 187 3 -27 -117 31 5 0 0 0 0
piece 83 160 0 70 106 -34 -122 0
piece 83 160 106 50 26 -34 -16 0
piece 84 24 0 60 39 -21 -122 0
frame 188 2 -27 -117 31 5 0 0 0 0
piece 83 230 0 62 100 -41 -91 0
piece 84 85 0 34 35 -29 -92 0
frame 189 3 -27 -117 31 5 0 0 0 0
piece 83 292 0 66 90 -37 -81 0
piece 85 0 0 102 118 -52 -154 0
piece 84 120 0 40 41 -35 -77 0
frame 190 3 -27 -117 31 5 0 0 0 0
piece 83 0 106 54 96 -36 -88 0
piece 85 106 14 110 210 -63 -238 0
piece 84 160 0 28 40 -30 -91 0
frame 191 3 -27 -117 31 5 0 0 0 0
piece 83 53 118 50 106 -33 -98 0
piece 84 85 0 34 35 -28 -94 0
piece 85 216 5 156 252 -79 -275 0
frame 192 4 -27 -117 31 5 0 0 0 0
piece 83 103 106 50 112 -33 -103 0
piece 85 4 223 186 302 -103 -322 0
piece 85 8 525 124 60 83 -239 3
piece 84 189 0 36 43 -37 -101 0
frame 193 4 -27 -117 31 5 0 0 0 0
piece 83 153 132 56 112 -39 -105 0
piece 85 197 249 202 350 -74 -371 0
piece 86 0 1 44 186 -118 -262 0
piece 84 225 0 20 45 -37 -98 0
frame 194 3 -27 -117 31 5 0 0 0 0
piece 83 210 100 72 110 -56 -102 0
piece 86 72 0 326 368 -116 -410 0
piece 84 251 1 8 20 -37 -95 0
frame 195 4 -27 -117 31 5 0 0 0 0
piece 86 34 382 328 218 -121 -457 0
piece 83 282 100 70 110 -50 -103 0
piece 87 14 0 200 186 -106 -239 0
piece 84 273 0 16 45 -28 -97 0
frame 196 5 -27 -117 31 5 0 0 0 0
piece 83 0 214 68 116 -46 -108 0
piece 87 215 12 160 402 41 -539 0
piece 87 8 249 178 248 -136 -463 0
piece 87 268 419 118 156 -72 -218 0
piece 84 289 0 14 45 -22 -102 0
frame 197 3 -27 -117 31 5 0 0 0 0
piece 88 5 8 338 488 -133 -555 0
piece 83 68 224 70 118 -40 -110 0
piece 84 303 0 20 45 -20 -106 0
frame 198 4 -27 -117 31 5 0 0 0 0
piece 89 9 0 332 314 -129 -508 0
piece 89 0 317 84 124 -24 -195 0
piece 83 138 244 76 118 -35 -110 0
piece 84 323 0 18 43 -12 -105 0
frame 199 5 -27 -117 31 5 0 0 0 0
piece 89 80 317 312 283 -129 -560 0
piece 90 67 0 268 96 -65 -277 0
piece 90 0 97 110 98 -37 -182 3
piece 83 214 210 76 122 -34 -115 0
piece 84 341 0 22 43 -13 -103 0
frame 200 5 -27 -117 31 5 0 0 0 0
piece 91 0 285 240 314 -54 -387 0
piece 91 239 326 160 228 -63 -543 1
piece 83 290 210 66 122 -42 -115 0
piece 83 356 251 22 18 24 -74 0
piece 84 363 0 30 43 -16 -97 0
frame 201 4 -27 -117 31 5 0 0 0 0
piece 90 0 288 238 310 -59 -379 0
piece 90 199 122 196 160 -38 -536 0
piece 83 0 330 86 118 -49 -109 0
piece 84 24 42 34 34 -18 -90 0
frame 202 8 -27 -117 31 5 0 0 0 0
piece 92 0 6 206 314 -18 -317 0
piece 83 86 362 98 72 -50 -63 0
piece 93 38 106 24 28 24 -65 0
piece 90 237 288 140 300 12 -617 0
piece 94 9 285 316 284 -202 -173 0
piece 94 0 18 310 262 114 -152 0
piece 83 86 362 98 72 -50 -63 0
piece 95 7 10 388 478 -88 -396 0
frame 203 7 -27 -117 31 5 -234 -97 247 80
piece 96 0 6 326 280 112 -156 0
piece 96 0 301 328 290 -215 -141 0
piece 83 184 361 102 72 -51 -62 0
piece 92 0 326 206 274 -17 -255 0
piece 93 64 109 20 26 26 -86 0
piece 92 216 36 184 292 -20 -533 0
piece 97 11 3 388 468 -84 -373 0
frame 204 8 -27 -117 31 5 0 0 0 0
piece 98 0 11 328 268 -218 -155 0
piece 98 0 289 324 282 110 -162 0
piece 83 286 332 92 76 -51 -69 0
piece 83 357 87 20 42 38 -56 0
piece 99 0 8 192 228 -6 -190 0
piece 93 90 109 28 22 50 -51 0
piece 92 232 396 168 164 -2 -354 0
piece 100 13 27 376 442 -76 -367 0
frame 205 7 -27 -117 31 5 0 0 0 0
piece 101 0 8 328 274 -219 -157 0
piece 101 0 291 324 280 109 -152 0
piece 99 187 11 212 226 -7 -295 0
piece 99 210 237 162 118 16 -69 0
piece 83 0 448 108 88 -51 -78 0
piece 93 118 104 36 44 8 -86 0
piece 102 25 24 360 442 -66 -359 0
frame 206 6 -27 -117 31 5 0 0 0 0
piece 103 0 0 328 262 -218 -136 0
piece 103 0 272 322 270 110 -137 0
piece 99 0 237 210 362 -10 -278 0
piece 83 108 434 104 102 -50 -85 0
piece 93 157 108 26 20 10 -90 0
piece 104 22 22 354 422 -73 -340 0
frame 207 7 -27 -117 31 5 0 0 0 0
piece 105 0 0 328 262 -215 -138 0
piece 105 0 266 324 266 109 -137 0
piece 83 212 433 96 102 -51 -92 0
piece 93 183 106 34 44 0 -95 0
piece 99 209 354 182 246 -3 -217 0
piece 106 0 0 188 110 29 -316 0
piece 107 20 9 358 412 -69 -330 0
frame 208 7 -27 -117 31 5 0 0 0 0
piece 83 308 408 70 104 -50 -96 0
piece 106 204 1 196 374 -33 -349 0
piece 93 231 115 8 10 1 -98 0
piece 83 355 178 20 38 18 -97 0
piece 108 0 0 314 210 109 -139 0
piece 108 0 226 306 248 -185 -143 0
piece 109 48 0 302 388 -53 -346 0
frame 209 6 -27 -117 31 5 0 0 0 0
piece 110 0 0 248 108 -39 -50 0
piece 111 0 0 98 92 -50 -83 0
piece 106 0 111 188 390 -24 -330 0
piece 84 267 45 38 42 -9 -70 0
piece 112 0 0 226 306 -5 -331 0
piece 113 0 4 392 548 73 -421 0
frame 210 6 -27 -117 31 5 0 0 0 0
piece 110 0 108 248 108 -45 -53 0
piece 111 98 0 106 84 -50 -75 0
piece 106 188 377 188 222 -14 -188 0
piece 114 0 0 166 178 -12 -360 0
piece 84 305 46 42 42 1 -58 0
piece 115 9 11 384 532 77 -397 0
frame 211 5 -27 -117 31 5 -107 -97 285 32
piece 110 12 221 226 100 -28 -44 0
piece 111 204 0 100 78 -50 -66 0
piece 114 190 0 174 324 -16 -268 0
piece 84 352 44 42 38 2 -59 0
piece 116 0 5 398 482 67 -392 0
frame 212 5 -27 -117 31 5 0 0 0 0
piece 110 48 322 164 86 4 -38 0
piece 111 0 92 100 96 -50 -89 0
piece 114 0 178 168 350 -6 -265 0
piece 84 84 52 38 38 -2 -74 0
piece 117 11 7 378 480 78 -378 0
frame 213 6 -27 -117 31 5 0 0 0 0
piece 110 50 424 156 80 5 -32 0
piece 111 100 84 90 108 -50 -101 0
piece 114 186 324 178 276 -16 -230 0
piece 114 14 530 145 65 5 -294 0
piece 84 124 50 38 42 -10 -87 0
piece 118 7 12 384 452 72 -343 0
frame 214 4 -27 -117 31 5 0 0 0 0
piece 119 0 3 200 348 -24 -302 0
piece 111 190 84 76 108 -45 -99 0
piece 84 177 49 38 42 -13 -91 0
piece 120 9 10 376 444 68 -343 0
frame 215 7 -27 -117 31 5 0 0 0 0
piece 110 0 0 248 108 -35 -50 0
piece 111 266 78 102 72 -50 -64 0
piece 92 0 6 206 314 -37 -290 0
piece 90 237 288 140 300 -7 -590 0
piece 93 38 106 24 28 25 -64 0
piece 121 42 0 358 448 77 -358 0
piece 113 0 4 392 548 -304 -383 4
frame 216 7 -27 -117 31 5 -105 -81 292 65
piece 110 0 108 248 108 -41 -53 0
piece 92 0 326 206 274 -42 -256 0
piece 92 216 36 184 292 -45 -534 0
piece 83 184 361 102 72 -51 -62 0
piece 93 64 109 20 26 33 -54 0
piece 122 2 0 266 338 165 -316 0
piece 115 9 11 384 532 -297 -361 4
frame 217 7 -27 -117 31 5 0 0 0 0
piece 110 12 221 226 100 -24 -44 0
piece 83 286 332 92 76 -51 -69 0
piece 99 187 11 212 226 -38 -295 0
piece 83 357 87 20 42 38 -56 0
piece 93 90 109 28 22 18 -75 0
piece 99 210 237 162 118 -15 -69 0
piece 116 0 5 398 482 -300 -353 4
frame 218 6 -27 -117 31 5 0 0 0 0
piece 110 48 322 164 86 9 -40 0
piece 99 209 354 182 246 -3 -217 0
piece 106 0 0 188 110 29 -316 0
piece 83 0 448 108 88 -51 -78 0
piece 93 118 104 36 44 5 -84 0
piece 117 11 7 378 480 -292 -339 4
frame 219 5 -27 -117 31 5 0 0 0 0
piece 110 50 424 156 80 11 -35 0
piece 106 204 1 196 374 -33 -349 0
piece 83 212 433 96 102 -51 -92 0
piece 93 157 108 26 20 10 -95 0
piece 118 7 12 384 452 -287 -312 4
frame 220 7 -27 -117 31 5 0 0 0 0
piece 110 0 0 248 108 -39 -50 0
piece 111 0 0 98 92 -50 -83 0
piece 123 12 13 134 80 37 -57 0
piece 106 0 111 188 390 -24 -330 0
piece 84 267 45 38 42 -8 -71 0
piece 120 9 10 376 444 -287 -316 4
piece 95 7 10 388 478 -122 -347 0
frame 221 7 -27 -117 31 5 -154 -96 143 49
piece 110 0 108 248 108 -44 -52 0
piece 106 188 377 188 222 -14 -188 0
piece 114 0 0 166 178 -12 -360 0
piece 111 98 0 106 84 -50 -75 0
piece 84 305 46 42 42 0 -61 0
piece 121 42 0 358 448 -275 -324 4
piece 97 11 3 388 468 -119 -327 0
frame 222 6 -27 -117 31 5 0 0 0 0
piece 110 12 221 226 100 -26 -43 0
piece 114 190 0 174 324 -16 -268 0
piece 111 204 0 100 78 -50 -66 0
piece 84 352 44 42 38 -1 -59 0
piece 122 2 0 266 338 -276 -307 4
piece 100 13 27 376 442 -118 -324 0
frame 223 5 -27 -117 31 5 0 0 0 0
piece 110 48 322 164 86 10 -40 0
piece 114 0 178 168 350 -6 -265 0
piece 111 0 92 100 96 -50 -89 0
piece 84 84 52 38 38 -2 -71 0
piece 102 25 24 360 442 -108 -316 0
frame 224 6 -27 -117 31 5 0 0 0 0
piece 110 50 424 156 80 10 -38 0
piece 111 100 84 90 108 -50 -101 0
piece 114 186 324 178 276 -16 -230 0
piece 114 14 530 145 65 5 -294 0
piece 84 124 50 38 42 -9 -86 0
piece 104 22 22 354 422 -120 -298 0
frame 225 4 -27 -117 31 5 0 0 0 0
piece 111 190 84 76 108 -45 -99 0
piece 119 0 3 200 348 -24 -302 0
piece 84 177 49 38 42 -16 -91 0
piece 107 20 9 358 412 -111 -316 0
frame 226 7 -27 -117 31 5 0 0 0 0
piece 110 0 0 248 108 -22 -49 0
piece 111 266 78 102 72 -50 -64 0
piece 92 0 6 206 314 -18 -302 0
piece 90 237 288 140 300 12 -602 0
piece 93 38 106 24 28 24 -63 0
piece 113 0 4 392 548 73 -421 0
piece 109 48 0 302 388 -80 -281 0
frame 227 6 -27 -117 31 5 -295 -74 62 65
piece 110 0 108 248 108 -26 -52 0
piece 92 0 326 206 274 -17 -255 0
piece 83 184 361 102 72 -51 -62 0
piece 93 64 109 20 26 33 -54 0
piece 92 216 36 184 292 -20 -533 0
piece 115 9 11 384 532 77 -397 0
frame 228 8 -27 -117 31 5 0 0 0 0
piece 110 12 221 226 100 -9 -42 0
piece 119 202 0 198 268 -3 -335 0
piece 111 293 150 88 58 -50 -51 0
piece 93 0 183 36 30 18 -53 0
piece 111 315 6 14 56 38 -47 0
piece 119 214 268 186 118 9 -67 0
piece 112 0 0 226 306 -27 -321 0
piece 116 0 5 398 482 67 -392 0
frame 229 7 -27 -117 31 5 0 0 0 0
piece 110 48 322 164 86 23 -37 0
piece 119 7 354 212 246 -12 -183 0
piece 119 220 429 176 92 24 -271 0
piece 111 293 212 88 48 -49 -37 0
piece 111 340 10 14 44 39 -33 0
piece 93 43 181 26 10 25 -40 0
piece 117 11 7 378 480 78 -378 0
frame 230 5 -27 -117 31 5 0 0 0 0
piece 110 50 424 156 80 26 -31 0
piece 111 1 269 102 52 -49 -33 0
piece 124 6 0 190 294 -24 -256 0
piece 84 227 52 38 8 4 -34 0
piece 118 7 12 384 452 72 -343 0
frame 231 4 -27 -117 31 5 -105 -97 298 49
piece 93 116 188 30 46 14 -84 0
piece 111 103 292 100 90 -50 -82 0
piece 124 214 3 186 292 -14 -251 0
piece 120 9 10 376 444 68 -343 0
frame 232 4 -27 -117 31 5 0 0 0 0
piece 93 150 192 24 46 -3 -97 0
piece 111 203 283 96 104 -51 -96 0
piece 124 0 308 196 292 -37 -264 0
piece 121 42 0 358 448 77 -358 0
frame 233 5 -27 -117 31 5 0 0 0 0
piece 93 179 196 20 46 -14 -104 0
piece 111 299 260 80 116 -51 -109 0
piece 124 200 300 200 300 -48 -261 0
piece 125 3 210 40 42 -2 -288 0
piece 122 2 0 266 338 165 -316 0
frame 234 5 -27 -117 31 5 0 0 0 0
piece 93 206 197 22 44 -28 -104 0
piece 111 0 321 68 118 -52 -109 0
piece 125 50 0 158 300 -39 -346 0
piece 125 301 107 56 194 119 -238 0
piece 125 287 7 106 84 26 -47 0
frame 235 8 -27 -117 31 5 0 0 0 0
piece 94 9 285 316 284 -316 -173 0
piece 94 0 18 310 262 0 -152 0
piece 123 12 13 134 80 34 -38 0
piece 125 21 304 198 294 -73 -268 0
piece 125 224 316 160 162 -52 -429 0
piece 93 230 196 10 14 -38 -106 0
piece 126 0 0 330 208 -168 -130 0
piece 111 68 382 66 128 -51 -113 0
frame 236 12 -27 -117 31 5 0 0 0 0
piece 96 0 301 328 290 -328 -141 0
piece 96 0 6 326 280 -1 -156 0
piece 111 134 382 72 122 -56 -114 0
piece 93 4 231 30 40 -46 -109 0
piece 127 2 0 184 184 -46 -511 0
piece 127 7 194 196 406 -83 -348 0
piece 126 0 210 328 278 -222 -217 0
piece 126 2 488 174 108 104 -155 1
piece 128 0 0 195 195 0 -397 4
piece 128 0 0 195 195 -195 -397 0
piece 128 0 0 195 195 1 -202 2
piece 128 0 0 195 195 -194 -202 1
frame 237 12 -27 -117 31 5 0 0 0 0
piece 98 0 11 328 268 -328 -155 0
piece 98 0 289 324 282 0 -162 0
piece 127 202 182 198 408 -95 -395 0
piece 111 207 387 80 124 -64 -117 0
piece 127 199 0 200 170 -2 -565 0
piece 93 69 227 26 18 -58 -114 0
piece 129 0 0 312 386 -219 -279 0
piece 129 0 388 248 126 93 -192 1
piece 128 0 196 276 279 -276 -203 4
piece 128 0 196 276 279 0 -202 0
piece 128 0 196 276 279 -1 -478 1
piece 128 0 196 276 279 -277 -482 2
frame 238 11 -27 -117 31 5 0 0 0 0
piece 101 0 8 328 274 -328 -157 0
piece 101 0 291 324 280 0 -152 0
piece 130 0 41 214 558 -142 -475 0
piece 111 287 377 90 124 -73 -115 0
piece 130 252 24 40 88 71 -399 0
piece 93 69 227 26 18 -64 -112 0
piece 131 0 0 368 362 0 -201 0
piece 131 0 0 368 362 -368 -201 4
piece 131 0 0 368 362 0 -569 1
piece 131 0 0 368 362 -368 -563 2
piece 132 0 0 400 472 -195 -330 0
frame 239 11 -27 -117 31 5 0 0 0 0
piece 103 0 0 328 262 -328 -136 0
piece 103 0 272 322 270 0 -137 0
piece 133 0 0 94 132 -78 -124 0
piece 130 214 128 176 470 -74 -518 0
piece 134 10 3 52 200 -125 -306 0
piece 93 69 227 26 18 -68 -111 0
piece 135 0 0 376 392 -376 -188 4
piece 135 0 0 376 392 0 -188 0
piece 135 0 0 376 392 0 -564 1
piece 135 0 0 376 392 -376 -580 2
piece 132 0 0 400 472 -194 -386 0
frame 240 10 -27 -117 31 5 0 0 0 0
piece 105 0 0 328 262 -324 -138 0
piece 105 0 266 324 266 0 -137 0
piece 134 192 0 208 410 -121 -464 0
piece 133 94 0 98 134 -82 -127 0
piece 93 69 227 26 18 -68 -109 0
piece 136 0 1 364 398 0 -193 0
piece 136 0 1 364 398 -364 -193 4
piece 136 0 1 364 398 0 -557 1
piece 136 0 1 364 398 -364 -591 2
piece 137 0 0 400 600 -192 -488 0
frame 241 11 -27 -117 31 5 0 0 0 0
piece 134 0 204 198 396 -142 -471 0
piece 133 213 0 80 138 -65 -131 0
piece 133 191 38 22 32 -87 -94 0
piece 93 104 239 6 6 -67 -96 0
piece 138 1 0 396 400 1 -192 0
piece 138 1 0 396 400 -395 -192 4
piece 138 1 0 396 400 0 -588 1
piece 138 1 0 396 400 -396 -592 2
piece 108 0 0 314 210 0 -139 0
piece 108 0 226 306 248 -294 -143 0
piece 139 0 0 400 600 -194 -527 0
frame 242 8 -27 -117 31 5 0 0 0 0
piece 140 5 0 192 450 -145 -531 0
piece 133 293 0 58 138 -91 -132 0
piece 133 300 378 50 98 -33 -89 0
piece 93 104 239 6 6 -68 -96 0
piece 141 0 0 398 400 1 -189 0
piece 141 0 0 398 400 -396 -189 4
piece 141 0 0 398 400 1 -587 1
piece 141 0 0 398 400 -405 -589 2
frame 243 4 -27 -117 31 5 0 0 0 0
piece 140 197 0 202 354 -138 -426 0
piece 140 239 385 30 90 -164 -247 0
piece 133 0 132 106 138 -91 -130 0
piece 93 115 240 6 6 -65 -97 0
frame 244 3 -27 -117 31 5 0 0 0 0
piece 142 5 0 256 354 -164 -439 0
piece 133 106 134 104 136 -88 -128 0
piece 93 104 239 6 6 -59 -102 0
frame 245 3 -27 -117 31 5 0 0 0 0
piece 143 1 0 264 331 -151 -404 0
piece 133 210 138 86 130 -71 -121 0
piece 93 115 240 6 6 -40 -107 0
frame 246 5 -27 -117 31 5 0 0 0 0
piece 142 263 0 136 354 -2 -394 0
piece 142 4 355 138 208 -135 -376 0
piece 93 132 238 8 10 -14 -106 0
piece 133 297 138 54 130 -50 -118 0
piece 133 244 379 18 132 4 -121 0
frame 247 4 -27 -117 31 5 0 0 0 0
piece 93 145 240 22 16 1 -97 0
piece 133 0 270 90 104 -51 -97 0
piece 144 12 0 162 106 -27 -153 0
piece 142 142 356 258 244 -104 -397 0
frame 248 10 -27 -117 31 5 0 0 0 0
piece 113 0 4 392 548 69 -458 0
piece 113 0 4 392 548 -216 -462 4
piece 144 218 16 182 484 5 -456 0
piece 110 0 0 248 108 -5 -42 0
piece 144 9 114 150 262 -141 -355 0
piece 111 1 269 102 52 -49 -33 0
piece 84 227 52 38 8 6 -35 0
piece 95 7 10 388 478 -91 -364 0
piece 113 0 4 392 548 133 -351 0
piece 113 0 4 392 548 -300 -355 4
frame 249 11 -27 -117 31 5 -295 -114 295 97
piece 115 9 11 384 532 -207 -433 4
piece 115 9 11 384 532 70 -430 0
piece 144 218 16 182 484 5 -451 0
piece 144 9 114 150 262 -141 -350 0
piece 111 1 269 102 52 -49 -33 0
piece 110 0 108 248 108 -20 -36 0
piece 93 171 248 38 20 7 -38 0
piece 84 227 52 38 8 6 -35 0
piece 97 11 3 388 468 -90 -340 0
piece 115 9 11 384 532 137 -327 0
piece 115 9 11 384 532 -293 -332 4
frame 250 10 -27 -117 31 5 0 0 0 0
piece 116 0 5 398 482 -211 -425 4
piece 116 0 5 398 482 60 -421 0
piece 144 0 378 210 222 -27 -172 0
piece 144 216 504 184 96 -28 -266 0
piece 110 12 221 226 100 -3 -33 0
piece 111 1 269 102 52 -49 -33 0
piece 93 171 248 38 20 7 -38 0
piece 100 13 27 376 442 -82 -332 0
piece 116 0 5 398 482 126 -323 0
piece 116 0 5 398 482 -299 -326 4
frame 251 11 -27 -117 31 5 0 0 0 0
piece 144 0 378 210 222 -27 -172 0
piece 144 216 504 184 96 -28 -266 0
piece 145 0 0 200 168 110 -59 0
piece 145 0 0 200 168 -90 -58 4
piece 84 227 52 38 8 6 -35 0
piece 111 1 269 102 52 -49 -33 0
piece 102 25 24 360 442 -71 -325 0
piece 117 11 7 378 480 73 -406 0
piece 117 11 7 378 480 139 -309 0
piece 117 11 7 378 480 -203 -410 4
piece 117 11 7 378 480 -291 -314 4
frame 252 11 -27 -117 31 5 0 0 0 0
piece 145 200 0 200 162 -87 -53 4
piece 145 200 0 200 162 107 -54 0
piece 144 0 378 210 222 -27 -172 0
piece 144 216 504 184 96 -28 -266 0
piece 111 1 269 102 52 -49 -33 0
piece 84 227 52 38 8 6 -35 0
piece 104 22 22 354 422 -80 -313 0
piece 118 7 12 384 452 60 -380 0
piece 118 7 12 384 452 130 -280 0
piece 118 7 12 384 452 -205 -384 4
piece 118 7 12 384 452 -288 -291 4
frame 253 11 -27 -117 31 5 0 0 0 0
piece 145 0 169 170 134 110 -42 0
piece 145 0 169 170 134 -60 -41 4
piece 144 0 378 210 222 -27 -172 0
piece 144 216 504 184 96 -28 -266 0
piece 111 1 269 102 52 -49 -33 0
piece 84 227 52 38 8 6 -35 0
piece 107 20 9 358 412 -83 -321 0
piece 120 9 10 376 444 58 -390 0
piece 120 9 10 376 444 125 -286 0
piece 120 9 10 376 444 -191 -393 4
piece 120 9 10 376 444 -268 -302 4
frame 254 11 -27 -117 31 5 0 0 0 0
piece 145 175 165 134 138 104 -41 0
piece 145 175 165 134 138 -20 -41 4
piece 144 0 378 210 222 -27 -172 0
piece 144 216 504 184 96 -28 -266 0
piece 111 1 269 102 52 -49 -33 0
piece 84 227 52 38 8 6 -35 0
piece 109 48 0 302 388 -64 -342 0
piece 121 42 0 358 448 75 -424 0
piece 121 42 0 358 448 132 -302 0
piece 121 42 0 358 448 -182 -413 4
piece 121 42 0 358 448 -268 -314 4
frame 255 11 -27 -117 31 5 0 0 0 0
piece 145 312 167 88 130 102 -42 0
piece 145 312 167 88 130 26 -41 4
piece 111 1 269 102 52 -49 -33 0
piece 144 0 378 210 222 -27 -174 0
piece 84 227 52 38 8 6 -35 0
piece 144 216 504 184 96 -28 -268 0
piece 112 0 0 226 306 -15 -326 0
piece 122 2 0 266 338 160 -415 0
piece 122 2 0 266 338 224 -311 0
piece 122 2 0 266 338 -176 -416 4
piece 122 2 0 266 338 -260 -294 4
frame 256 4 -27 -117 31 5 0 0 0 0
piece 146 1 6 198 284 0 -210 0
piece 41 253 248 78 74 -19 -86 0
piece 41 129 289 64 36 -32 -23 0
piece 42 78 137 94 68 2 -58 0
frame 257 4 -27 -117 31 5 0 0 0 0
piece 48 1 2 76 94 -29 -92 0
piece 1 0 0 118 88 -28 -95 0
piece 48 85 42 32 36 -41 -25 0
piece 146 209 1 190 282 7 -204 0
frame 258 5 -27 -117 31 5 0 0 0 0
piece 0 0 0 76 103 -37 -93 0
piece 1 0 0 118 88 -35 -103 0
piece 145 312 167 88 130 22 -53 4
piece 145 312 167 88 130 98 -53 0
piece 146 6 290 194 292 4 -210 0
frame 259 3 -27 -117 31 5 0 0 0 0
piece 91 3 0 198 286 5 -214 0
piece 0 76 0 80 103 -39 -93 0
piece 1 118 0 112 88 -29 -101 0
frame 260 3 -27 -117 31 5 0 0 0 0
piece 91 204 0 196 288 6 -235 0
piece 0 156 0 78 103 -37 -93 0
piece 1 230 0 116 78 -36 -98 0
frame 261 2 -28 -96 31 6 0 0 0 0
piece 147 232 0 68 126 -33 -111 0
piece 148 197 0 44 56 -22 -123 0
frame 262 2 -27 -117 31 5 0 0 0 0
piece 147 0 110 68 124 -32 -110 0
piece 148 197 0 44 56 -21 -122 0
clip idle 1 13 0:0.0667 1:0.0667 2:0.0667 3:0.0667 4:0.0667 5:0.0667 6:0.0667 7:0.0667 8:0.0667 9:0.0667 10:0.0667 11:0.0667 12:0.0667
clip walk 1 16 13:0.0333 14:0.0333 15:0.0333 16:0.0333 17:0.0333 18:0.0333 19:0.0333 20:0.0333 21:0.0333 22:0.0333 23:0.0333 24:0.0333 25:0.0333 26:0.0333 27:0.0333 28:0.0333
clip run 1 16 13:0.0333 14:0.0333 15:0.0333 16:0.0333 17:0.0333 18:0.0333 19:0.0333 20:0.0333 21:0.0333 22:0.0333 23:0.0333 24:0.0333 25:0.0333 26:0.0333 27:0.0333 28:0.0333
clip dash 0 12 29:0.0333 30:0.0333 31:0.0333 32:0.0333 33:0.0333 34:0.0333 35:0.0333 36:0.0333 37:0.0333 38:0.0333 39:0.0333 40:0.0333
clipsound dash 0 sound70
clip hit 0 6 41:0.0667 42:0.0667 43:0.1000 44:0.0667 45:0.0667 46:0.0667
clipsound hit 0 sound36
clip hit_high 0 6 41:0.0667 42:0.0667 43:0.1000 44:0.0667 45:0.0667 46:0.0667
clipsound hit_high 0 sound36
clip hit_low 0 6 41:0.0667 42:0.0667 43:0.1000 44:0.0667 45:0.0667 46:0.0667
clipsound hit_low 0 sound36
clip recovery 0 6 41:0.0667 42:0.0667 43:0.1000 44:0.0667 45:0.0667 46:0.0667
clipsound recovery 0 sound36
clip airborne 0 6 41:0.1000 42:0.1000 43:0.1000 44:0.1000 45:0.1000 46:0.1000
clip air 0 6 41:0.1000 42:0.1000 43:0.1000 44:0.1000 45:0.1000 46:0.1000
clip knockdown 0 8 47:0.0667 48:0.0667 49:0.0667 50:0.0667 51:0.0667 52:0.0667 53:0.0667 54:0.0667
clip getup 0 12 54:0.1000 55:0.0667 56:0.0667 57:0.0667 58:0.0667 59:0.0667 60:0.0667 61:0.0667 62:0.0667 63:0.0667 64:0.0667 65:0.0667
clip defeat 0 18 66:0.1000 47:0.1000 48:0.1000 49:0.1000 50:0.1000 51:0.1000 52:0.1000 53:0.1000 54:0.6667 66:0.0333 47:0.0333 48:0.0333 49:0.0333 50:0.0333 51:0.0333 52:0.0333 53:0.0333 54:0.0333
clipsound defeat 0 sound34
clip block 1 1 0:0.0333
clip victory 1 12 67:0.0667 68:0.0667 69:0.0667 70:0.0667 71:0.0667 72:0.0667 73:0.0667 74:0.0667 75:0.0667 76:0.0667 77:0.0667 78:0.0667
clip punch1 0 7 79:0.0667 80:0.0667 81:0.1333 82:0.0667 83:0.0667 84:0.0667 85:0.0667
clipsound punch1 2 sound4
clipsound punch1 2 sound61
clip punch2 0 6 86:0.0667 87:0.0667 88:0.1333 89:0.0667 90:0.0667 91:0.0667
clipsound punch2 2 sound4
clipsound punch2 2 sound62
clip punch3 0 22 92:0.0667 93:0.0667 94:0.1333 95:0.0667 96:0.0667 97:0.0667 98:0.0667 99:0.0667 100:0.1333 101:0.0667 102:0.0667 103:0.0667 104:0.0667 105:0.0667 106:0.1333 107:0.0667 108:0.0667 109:0.0667 110:0.0667 111:0.0667 112:0.0667 113:0.0667
clipsound punch3 2 sound4
clipsound punch3 2 sound63
clip kick 0 14 114:0.0333 114:0.0333 115:0.0667 116:0.0667 117:0.0667 118:0.0667 119:0.1333 120:0.0667 121:0.0667 122:0.0667 123:0.0667 10:0.0667 11:0.0667 12:0.0667
clipsound kick 5 sound4
clipsound kick 5 sound64
clip atk1 0 7 79:0.0667 80:0.0667 81:0.1333 82:0.0667 83:0.0667 84:0.0667 85:0.0667
clipsound atk1 2 sound4
clipsound atk1 2 sound61
clip atk2 0 6 86:0.0667 87:0.0667 88:0.1333 89:0.0667 90:0.0667 91:0.0667
clipsound atk2 2 sound4
clipsound atk2 2 sound62
clip atk3 0 22 92:0.0667 93:0.0667 94:0.1333 95:0.0667 96:0.0667 97:0.0667 98:0.0667 99:0.0667 100:0.1333 101:0.0667 102:0.0667 103:0.0667 104:0.0667 105:0.0667 106:0.1333 107:0.0667 108:0.0667 109:0.0667 110:0.0667 111:0.0667 112:0.0667 113:0.0667
clipsound atk3 2 sound4
clipsound atk3 2 sound63
clip atk4 0 14 114:0.0333 114:0.0333 115:0.0667 116:0.0667 117:0.0667 118:0.0667 119:0.1333 120:0.0667 121:0.0667 122:0.0667 123:0.0667 10:0.0667 11:0.0667 12:0.0667
clipsound atk4 5 sound4
clipsound atk4 5 sound64
clip dash_attack 0 22 92:0.0667 93:0.0667 94:0.1333 95:0.0667 96:0.0667 97:0.0667 98:0.0667 99:0.0667 100:0.1333 101:0.0667 102:0.0667 103:0.0667 104:0.0667 105:0.0667 106:0.1333 107:0.0667 108:0.0667 109:0.0667 110:0.0667 111:0.0667 112:0.0667 113:0.0667
clipsound dash_attack 2 sound4
clipsound dash_attack 2 sound63
clip finisher 0 14 114:0.0333 114:0.0333 115:0.0667 116:0.0667 117:0.0667 118:0.0667 119:0.1333 120:0.0667 121:0.0667 122:0.0667 123:0.0667 10:0.0667 11:0.0667 12:0.0667
clipsound finisher 5 sound4
clipsound finisher 5 sound64
clip ab0 0 22 124:0.0667 125:0.0667 126:0.0667 127:0.0667 128:0.0667 129:0.0667 130:0.0667 131:0.0667 132:0.0667 133:0.0667 134:0.0667 135:0.1000 136:0.0333 137:0.0333 138:0.0333 139:0.0333 140:0.0333 141:0.0333 142:0.0667 143:0.0667 144:0.0667 145:0.0333
clipsound ab0 5 sound65
clipsound ab0 7 sound38
clip ab1 0 46 146:0.0667 147:0.0667 148:0.0667 149:0.0667 150:0.0667 151:0.0667 152:0.0667 153:0.0667 154:0.0667 155:0.1333 156:0.0667 157:0.0667 158:0.0667 159:0.1333 160:0.0667 161:0.0667 162:0.0667 163:0.1333 164:0.0667 153:0.0667 165:0.1333 154:0.0667 166:0.0667 167:0.0667 158:0.0667 159:0.1333 160:0.0667 161:0.0667 168:0.1333 169:0.0667 170:0.0667 171:0.1000 172:0.1000 173:0.0667 174:0.0667 175:0.0667 176:0.0667 177:0.1667 178:0.1333 179:0.1000 180:0.0667 181:0.0667 182:0.0667 183:0.0667 184:0.0667 4:0.0667
clipsound ab1 0 sound65
clipsound ab1 44 sound64
clipsound ab1 42 sound64
clipsound ab1 38 sound64
clipsound ab1 30 sound64
clipsound ab1 26 sound64
clipsound ab1 22 sound64
clipsound ab1 18 sound64
clipsound ab1 26 sound38
clip ab2 0 76 185:0.0667 186:0.0667 187:0.0667 188:0.0667 189:0.0667 190:0.0667 191:0.0667 192:0.0667 193:0.0667 194:0.0667 195:0.0667 196:0.0667 197:0.0667 198:0.0667 199:0.0667 200:0.0667 201:0.0667 202:0.0667 203:0.1333 204:0.0667 205:0.0667 206:0.0667 207:0.0667 208:0.0667 209:0.0667 210:0.0667 211:0.1333 212:0.0667 213:0.0667 214:0.0667 215:0.0667 216:0.1333 217:0.0667 218:0.0667 219:0.0667 220:0.0667 221:0.1333 222:0.0667 223:0.0667 224:0.0667 225:0.0667 226:0.0667 227:0.1333 228:0.0667 229:0.0667 230:0.0667 231:0.1333 232:0.0667 233:0.0667 234:0.0667 235:0.0667 236:0.0667 237:0.0667 238:0.0667 239:0.0667 240:0.0667 241:0.0667 242:0.0667 243:0.0667 244:0.1333 245:0.0333 246:0.0333 247:0.0333 248:0.1000 249:0.1667 250:0.1000 251:0.0667 252:0.0667 253:0.0667 254:0.0667 255:0.0333 256:0.0667 257:0.0667 258:0.0667 259:0.0667 260:0.0667
clipsound ab2 0 sound37
clipsound ab2 54 sound65
clipsound ab2 68 sound38
clipsound ab2 60 sound38
clipsound ab2 46 sound38
clipsound ab2 40 sound38
clipsound ab2 35 sound38
clipsound ab2 29 sound38
clipsound ab2 22 sound38
clip ab3 0 10 133:0.0667 134:0.1000 135:0.1667 136:0.1000 137:0.0667 138:0.0667 139:0.0667 140:0.0667 141:0.0667 142:0.0667
clipsound ab3 0 sound65
clip ab4 0 67 189:0.0667 190:0.0667 191:0.0667 192:0.0667 193:0.0667 194:0.0667 195:0.0667 196:0.0667 197:0.0667 198:0.0667 199:0.0667 200:0.0667 201:0.0667 202:0.0667 203:0.1333 204:0.0667 205:0.0667 206:0.0667 207:0.0667 208:0.0667 209:0.0667 210:0.0667 211:0.1333 212:0.0667 213:0.0667 214:0.0667 215:0.0667 216:0.1333 217:0.0667 218:0.0667 219:0.0667 220:0.0667 221:0.1333 222:0.0667 223:0.0667 224:0.0667 225:0.0667 226:0.0667 227:0.1333 228:0.0667 229:0.0667 230:0.0667 231:0.1333 232:0.0667 233:0.0667 234:0.0667 235:0.0667 236:0.0667 237:0.0667 238:0.0667 239:0.0667 240:0.0667 241:0.0667 242:0.0667 243:0.0667 244:0.1333 245:0.0333 246:0.0333 247:0.0333 248:0.1000 249:0.1667 250:0.1000 251:0.0667 252:0.0667 253:0.0667 254:0.0667 255:0.0333
clipsound ab4 0 sound37
clip energy 0 22 124:0.0667 125:0.0667 126:0.0667 127:0.0667 128:0.0667 129:0.0667 130:0.0667 131:0.0667 132:0.0667 133:0.0667 134:0.0667 135:0.1000 136:0.0333 137:0.0333 138:0.0333 139:0.0333 140:0.0333 141:0.0333 142:0.0667 143:0.0667 144:0.0667 145:0.0333
clipsound energy 5 sound65
clipsound energy 7 sound38
clip special 0 46 146:0.0667 147:0.0667 148:0.0667 149:0.0667 150:0.0667 151:0.0667 152:0.0667 153:0.0667 154:0.0667 155:0.1333 156:0.0667 157:0.0667 158:0.0667 159:0.1333 160:0.0667 161:0.0667 162:0.0667 163:0.1333 164:0.0667 153:0.0667 165:0.1333 154:0.0667 166:0.0667 167:0.0667 158:0.0667 159:0.1333 160:0.0667 161:0.0667 168:0.1333 169:0.0667 170:0.0667 171:0.1000 172:0.1000 173:0.0667 174:0.0667 175:0.0667 176:0.0667 177:0.1667 178:0.1333 179:0.1000 180:0.0667 181:0.0667 182:0.0667 183:0.0667 184:0.0667 4:0.0667
clipsound special 0 sound65
clipsound special 44 sound64
clipsound special 42 sound64
clipsound special 38 sound64
clipsound special 30 sound64
clipsound special 26 sound64
clipsound special 22 sound64
clipsound special 18 sound64
clipsound special 26 sound38
clip super 0 76 185:0.0667 186:0.0667 187:0.0667 188:0.0667 189:0.0667 190:0.0667 191:0.0667 192:0.0667 193:0.0667 194:0.0667 195:0.0667 196:0.0667 197:0.0667 198:0.0667 199:0.0667 200:0.0667 201:0.0667 202:0.0667 203:0.1333 204:0.0667 205:0.0667 206:0.0667 207:0.0667 208:0.0667 209:0.0667 210:0.0667 211:0.1333 212:0.0667 213:0.0667 214:0.0667 215:0.0667 216:0.1333 217:0.0667 218:0.0667 219:0.0667 220:0.0667 221:0.1333 222:0.0667 223:0.0667 224:0.0667 225:0.0667 226:0.0667 227:0.1333 228:0.0667 229:0.0667 230:0.0667 231:0.1333 232:0.0667 233:0.0667 234:0.0667 235:0.0667 236:0.0667 237:0.0667 238:0.0667 239:0.0667 240:0.0667 241:0.0667 242:0.0667 243:0.0667 244:0.1333 245:0.0333 246:0.0333 247:0.0333 248:0.1000 249:0.1667 250:0.1000 251:0.0667 252:0.0667 253:0.0667 254:0.0667 255:0.0333 256:0.0667 257:0.0667 258:0.0667 259:0.0667 260:0.0667
clipsound super 0 sound37
clipsound super 54 sound65
clipsound super 68 sound38
clipsound super 60 sound38
clipsound super 46 sound38
clipsound super 40 sound38
clipsound super 35 sound38
clipsound super 29 sound38
clipsound super 22 sound38
clip rage_attack 0 76 185:0.0667 186:0.0667 187:0.0667 188:0.0667 189:0.0667 190:0.0667 191:0.0667 192:0.0667 193:0.0667 194:0.0667 195:0.0667 196:0.0667 197:0.0667 198:0.0667 199:0.0667 200:0.0667 201:0.0667 202:0.0667 203:0.1333 204:0.0667 205:0.0667 206:0.0667 207:0.0667 208:0.0667 209:0.0667 210:0.0667 211:0.1333 212:0.0667 213:0.0667 214:0.0667 215:0.0667 216:0.1333 217:0.0667 218:0.0667 219:0.0667 220:0.0667 221:0.1333 222:0.0667 223:0.0667 224:0.0667 225:0.0667 226:0.0667 227:0.1333 228:0.0667 229:0.0667 230:0.0667 231:0.1333 232:0.0667 233:0.0667 234:0.0667 235:0.0667 236:0.0667 237:0.0667 238:0.0667 239:0.0667 240:0.0667 241:0.0667 242:0.0667 243:0.0667 244:0.1333 245:0.0333 246:0.0333 247:0.0333 248:0.1000 249:0.1667 250:0.1000 251:0.0667 252:0.0667 253:0.0667 254:0.0667 255:0.0333 256:0.0667 257:0.0667 258:0.0667 259:0.0667 260:0.0667
clipsound rage_attack 0 sound37
clipsound rage_attack 54 sound65
clipsound rage_attack 68 sound38
clipsound rage_attack 60 sound38
clipsound rage_attack 46 sound38
clipsound rage_attack 40 sound38
clipsound rage_attack 35 sound38
clipsound rage_attack 29 sound38
clipsound rage_attack 22 sound38
clip jump 0 9 261:0.0333 261:0.0333 261:0.0333 261:0.0333 261:0.0333 261:0.0333 261:0.0333 261:0.0333 262:0.1000
clipsound jump 0 sound70
ability ab0 HABILIDAD A
ability ab1 HABILIDAD B
ability ab2 HABILIDAD C
ability ab3 COMBO DE HABILIDAD 1
ability ab4 COMBO DE HABILIDAD 2
sound hurt sound36
sound die sound34
sound dash sound70
