# BETA: GUERRERO (CESTUS DE NEMEA) (generado por tools/beta/build_beta_characters.py)
character kratos_cesto hero 160
name GUERRERO (CESTUS DE NEMEA)
image 0 160
image 1 495
image 2 414
image 3 162
image 4 313
image 5 164
image 6 394
image 7 1
image 8 0
image 9 232
image 10 223
image 11 307
image 12 415
image 13 224
image 14 306
image 15 43
image 16 44
image 17 45
image 18 46
image 19 161
image 20 165
image 21 496
image 22 292
image 23 294
image 24 425
image 25 177
image 26 178
image 27 426
image 28 427
image 29 428
image 30 429
image 31 430
image 32 293
image 33 431
image 34 432
image 35 295
image 36 433
image 37 434
image 38 296
image 39 435
image 40 297
image 41 436
image 42 298
image 43 437
image 44 392
image 45 438
image 46 299
image 47 439
image 48 245
image 49 25
image 50 250
image 51 249
image 52 247
image 53 252
image 54 261
image 55 246
image 56 248
image 57 254
image 58 253
image 59 690
image 60 255
image 61 691
image 62 256
image 63 251
image 64 257
image 65 692
image 66 258
image 67 693
image 68 259
image 69 395
image 70 260
image 71 636
image 72 441
image 73 443
image 74 445
image 75 450
image 76 447
image 77 451
image 78 446
image 79 452
image 80 444
image 81 448
image 82 453
image 83 449
image 84 454
image 85 442
image 86 509
image 87 506
image 88 507
image 89 510
image 90 508
image 91 379
image 92 382
image 93 383
image 94 384
image 95 385
image 96 386
image 97 387
image 98 133
image 99 388
image 100 553
image 101 535
image 102 554
image 103 536
image 104 113
image 105 555
image 106 537
image 107 556
image 108 538
image 109 557
image 110 539
image 111 114
image 112 558
image 113 540
image 114 559
image 115 541
image 116 533
image 117 380
image 118 542
image 119 543
image 120 115
image 121 544
image 122 545
image 123 546
image 124 547
image 125 116
image 126 548
image 127 549
image 128 550
image 129 37
image 130 117
image 131 118
image 132 551
image 133 560
image 134 139
image 135 561
image 136 552
image 137 119
image 138 562
image 139 567
image 140 381
image 141 120
image 142 563
image 143 564
image 144 579
image 145 565
image 146 580
image 147 121
image 148 566
image 149 137
image 150 122
image 151 138
image 152 38
image 153 132
image 154 272
image 155 225
image 156 413
frame 0 3 -27 -117 31 5 0 0 0 0
piece 0 0 0 76 103 -37 -93 0
piece 1 0 0 134 126 -59 -113 0
piece 2 0 0 32 18 -9 -99 0
frame 1 3 -27 -117 31 5 0 0 0 0
piece 2 33 0 32 18 -10 -100 0
piece 0 76 0 80 103 -39 -93 0
piece 1 134 0 128 122 -57 -112 0
frame 2 3 -27 -117 31 5 0 0 0 0
piece 2 68 0 34 40 -12 -100 0
piece 0 156 0 78 103 -37 -93 0
piece 1 262 0 138 128 -62 -116 0
frame 3 3 -27 -117 31 5 0 0 0 0
piece 0 234 0 80 101 -37 -92 0
piece 1 0 126 144 110 -70 -101 0
piece 2 107 0 34 40 -13 -100 0
frame 4 3 -27 -117 31 5 0 0 0 0
piece 0 0 103 82 102 -37 -93 0
piece 1 144 126 130 118 -63 -102 0
piece 2 141 0 38 40 -16 -99 0
frame 5 3 -27 -117 31 5 0 0 0 0
piece 0 82 103 80 102 -38 -91 0
piece 1 274 127 126 116 -53 -93 0
piece 2 179 0 32 40 -12 -98 0
frame 6 3 -27 -117 31 5 0 0 0 0
piece 0 162 103 80 100 -39 -90 0
piece 1 0 236 140 118 -60 -95 0
piece 2 212 0 32 18 -9 -97 0
frame 7 3 -27 -117 31 5 0 0 0 0
piece 0 242 103 80 98 -39 -88 0
piece 1 140 244 124 114 -48 -86 0
piece 2 0 40 32 18 -9 -98 0
frame 8 3 -27 -117 31 5 0 0 0 0
piece 0 0 205 78 98 -37 -89 0
piece 1 264 243 136 116 -52 -87 0
piece 2 32 40 32 18 -8 -97 0
frame 9 3 -27 -117 31 5 0 0 0 0
piece 0 78 205 78 98 -38 -88 0
piece 1 0 354 130 116 -58 -92 0
piece 2 64 40 32 18 -8 -97 0
frame 10 3 -27 -117 31 5 0 0 0 0
piece 0 156 203 76 100 -38 -90 0
piece 1 130 358 130 114 -53 -91 0
piece 2 96 40 32 18 -9 -98 0
frame 11 3 -27 -117 31 5 0 0 0 0
piece 0 232 201 78 102 -38 -93 0
piece 1 260 359 140 114 -61 -92 0
piece 2 130 42 32 18 -10 -97 0
frame 12 4 -27 -117 31 5 0 0 0 0
piece 0 310 202 42 102 -38 -86 0
piece 0 315 0 36 99 4 -91 0
piece 1 0 470 140 104 -64 -86 0
piece 2 162 42 34 40 -12 -98 0
frame 13 4 -27 -117 31 5 0 0 0 0
piece 3 0 0 98 104 -58 -101 0
piece 4 0 0 76 76 -49 -112 0
piece 5 0 0 38 32 -12 -102 0
piece 4 86 324 86 82 -11 -115 0
frame 14 4 -27 -117 31 5 0 0 0 0
piece 3 98 0 90 105 -56 -101 0
piece 5 38 0 34 32 -9 -102 0
piece 4 76 0 88 72 -49 -100 0
piece 4 173 324 92 82 -14 -111 0
frame 15 4 -27 -117 31 5 0 0 0 0
piece 3 188 0 86 105 -52 -101 0
piece 5 72 0 34 32 -12 -105 0
piece 4 164 0 124 74 -62 -102 0
piece 4 265 332 112 76 -15 -113 0
frame 16 4 -27 -117 31 5 0 0 0 0
piece 3 275 0 76 104 -43 -104 0
piece 5 106 0 34 38 -10 -109 0
piece 4 288 0 112 74 -46 -104 0
piece 4 0 409 82 86 -31 -105 0
frame 17 4 -27 -117 31 5 0 0 0 0
piece 3 0 106 88 100 -42 -102 0
piece 4 0 77 130 79 -47 -110 0
piece 5 141 1 34 34 -6 -111 0
piece 4 83 406 110 88 -61 -102 0
frame 18 4 -27 -117 31 5 0 0 0 0
piece 3 88 106 92 102 -43 -104 0
piece 5 176 1 24 36 12 -112 0
piece 4 194 408 108 86 -59 -115 0
piece 4 130 76 136 80 -43 -113 0
frame 19 4 -27 -117 31 5 0 0 0 0
piece 3 180 105 100 99 -51 -104 0
piece 5 201 1 26 44 11 -110 0
piece 4 302 415 98 98 -67 -120 0
piece 4 266 74 134 84 -26 -117 0
frame 20 5 -27 -117 31 5 0 0 0 0
piece 3 281 104 88 102 -59 -104 0
piece 3 351 62 18 40 28 -105 0
piece 5 228 1 26 46 10 -110 0
piece 4 0 495 92 98 -69 -121 0
piece 4 0 156 100 80 -15 -120 0
frame 21 4 -27 -117 31 5 0 0 0 0
piece 3 0 207 100 106 -59 -102 0
piece 5 254 1 22 28 9 -108 0
piece 4 93 500 102 100 -64 -114 0
piece 4 100 156 84 82 -12 -118 0
frame 22 4 -27 -117 31 5 0 0 0 0
piece 3 102 208 90 106 -53 -101 0
piece 4 184 156 80 82 -8 -114 0
piece 5 1 33 24 36 9 -108 0
piece 4 195 499 120 100 -74 -113 0
frame 23 4 -27 -117 31 5 0 0 0 0
piece 4 264 158 126 80 -28 -106 0
piece 3 191 204 76 110 -43 -103 0
piece 5 26 33 34 40 -12 -105 0
piece 6 3 0 126 88 -56 -106 0
frame 24 4 -27 -117 31 5 0 0 0 0
piece 3 268 205 66 110 -31 -105 0
piece 5 60 33 34 38 -10 -106 0
piece 6 135 1 126 88 -51 -108 0
piece 4 0 237 100 88 -34 -113 0
frame 25 4 -27 -117 31 5 0 0 0 0
piece 3 1 313 86 106 -46 -103 0
piece 5 94 38 36 38 -11 -109 0
piece 6 268 0 126 88 -39 -117 0
piece 4 100 238 98 86 -31 -119 0
frame 26 4 -27 -117 31 5 0 0 0 0
piece 3 87 314 94 106 -49 -104 0
piece 5 130 35 38 40 -8 -109 0
piece 6 1 86 126 88 -36 -124 0
piece 4 198 238 88 86 -36 -126 0
frame 27 4 -27 -117 31 5 0 0 0 0
piece 3 180 314 102 106 -57 -104 0
piece 5 168 45 42 38 -12 -110 0
piece 6 128 86 102 88 -11 -124 0
piece 4 286 246 110 86 -54 -123 0
frame 28 5 -27 -117 31 5 0 0 0 0
piece 3 283 315 86 104 -54 -101 0
piece 3 336 208 22 108 19 -104 0
piece 5 238 36 38 38 -10 -107 0
piece 6 231 86 126 88 -14 -125 0
piece 4 0 325 86 84 -49 -116 0
frame 29 3 -27 -117 31 5 0 0 0 0
piece 7 43 1 32 38 10 -50 0
piece 8 0 0 86 90 -50 -79 0
piece 7 0 0 40 50 -43 -71 0
frame 30 2 -27 -117 31 5 0 0 0 0
piece 8 87 0 122 72 -61 -70 0
piece 7 76 2 42 38 31 -48 0
frame 31 2 -27 -117 31 5 0 0 0 0
piece 8 209 0 110 72 -65 -75 0
piece 7 121 2 38 44 17 -35 0
frame 32 3 -27 -117 31 5 0 0 0 0
piece 8 0 92 78 88 -62 -86 0
piece 8 78 120 12 42 16 -58 0
piece 7 162 3 38 30 -14 -23 0
frame 33 2 -27 -117 31 5 0 0 0 0
piece 8 90 72 74 84 -48 -84 0
piece 7 204 3 42 34 -25 -25 0
frame 34 2 -27 -117 31 5 0 0 0 0
piece 8 164 70 68 88 -42 -80 0
piece 7 249 1 38 50 -29 -37 0
frame 35 2 -27 -117 31 5 0 0 0 0
piece 8 234 70 86 82 -39 -82 0
piece 7 291 0 68 40 -45 -55 0
frame 36 3 -27 -117 31 5 0 0 0 0
piece 8 320 69 80 60 -36 -60 0
piece 7 2 51 44 28 -21 -25 0
piece 7 50 52 32 26 -10 -62 0
frame 37 3 -27 -117 31 5 0 0 0 0
piece 8 0 180 80 60 -38 -59 0
piece 7 84 53 40 32 -38 -25 0
piece 7 128 53 36 40 4 -59 0
frame 38 3 -27 -117 31 5 0 0 0 0
piece 8 80 162 92 74 -48 -72 0
piece 7 168 52 40 42 -61 -72 0
piece 7 212 53 36 40 18 -58 0
frame 39 3 -27 -117 31 5 0 0 0 0
piece 8 172 164 86 86 -40 -85 0
piece 7 250 53 28 48 -44 -77 0
piece 7 280 53 38 34 22 -64 0
frame 40 3 -27 -117 31 5 0 0 0 0
piece 8 259 156 76 96 -33 -93 0
piece 7 319 53 28 48 -39 -74 0
piece 7 349 53 38 36 16 -69 0
frame 41 3 -27 -117 31 5 0 0 0 0
piece 9 128 0 40 58 -34 -120 0
piece 10 0 0 74 108 -37 -109 0
piece 11 0 0 74 56 -30 -86 0
frame 42 3 -27 -117 31 5 0 0 0 0
piece 9 128 0 40 58 -34 -123 0
piece 10 0 0 74 108 -37 -112 0
piece 11 0 0 74 56 -30 -89 0
frame 43 4 -27 -117 31 5 0 0 0 0
piece 10 74 1 96 126 -42 -129 0
piece 11 74 0 38 54 -50 -102 0
piece 11 113 1 40 36 4 -118 0
piece 12 0 0 48 66 -40 -133 0
frame 44 5 -27 -117 31 5 0 0 0 0
piece 10 173 2 63 124 -45 -127 0
piece 10 199 135 37 86 15 -112 0
piece 11 154 0 36 44 -56 -101 0
piece 11 192 0 44 42 12 -110 0
piece 12 49 0 44 66 -31 -131 0
frame 45 4 -27 -117 31 5 0 0 0 0
piece 10 1 116 96 122 -45 -121 0
piece 11 1 56 42 46 -61 -103 0
piece 11 44 56 42 34 25 -106 0
piece 12 93 0 44 64 -22 -123 0
frame 46 4 -27 -117 31 5 0 0 0 0
piece 10 97 127 98 120 -46 -110 0
piece 11 86 54 44 38 -59 -103 0
piece 11 130 56 40 34 31 -98 0
piece 12 137 0 48 64 -17 -119 0
frame 47 3 -27 -117 31 5 0 0 0 0
piece 9 62 6 46 52 -39 -111 0
piece 13 76 0 58 112 -27 -107 0
piece 14 72 0 44 64 -29 -96 0
frame 48 3 -27 -117 31 5 0 0 0 0
piece 9 128 0 40 58 -44 -99 0
piece 13 134 0 84 100 -36 -94 0
piece 14 118 2 32 34 -11 -89 0
frame 49 4 -27 -117 31 5 0 0 0 0
piece 9 176 0 48 58 -60 -62 0
piece 13 218 0 102 62 -48 -60 0
piece 13 284 123 10 18 53 -18 0
piece 14 150 0 46 54 -25 -49 0
frame 50 4 -27 -117 31 5 0 0 0 0
piece 9 3 65 56 40 -62 -30 0
piece 13 218 64 102 38 -69 -28 0
piece 13 280 150 38 24 32 -21 0
piece 14 197 1 36 42 -30 -35 0
frame 51 3 -27 -117 31 5 0 0 0 0
piece 9 3 65 56 40 -63 -31 0
piece 13 0 114 136 36 -66 -28 0
piece 14 235 0 40 42 -28 -33 0
frame 52 3 -27 -117 31 5 0 0 0 0
piece 9 3 65 56 40 -63 -31 0
piece 13 137 114 137 36 -67 -28 0
piece 14 0 54 40 42 -27 -20 0
frame 53 3 -27 -117 31 5 0 0 0 0
piece 9 3 65 56 40 -63 -31 0
piece 13 137 150 136 36 -67 -26 0
piece 14 41 65 38 30 -24 -17 0
frame 54 3 -27 -117 31 5 0 0 0 0
piece 9 3 65 56 40 -63 -31 0
piece 13 0 150 136 36 -67 -27 0
piece 14 81 65 40 30 -24 -16 0
frame 55 2 -8 -16 8 0 0 0 0 0
piece 15 0 0 156 68 -84 -47 0
piece 16 0 0 208 256 -103 -221 0
frame 56 4 -8 -16 8 0 0 0 0 0
piece 15 156 0 98 90 -48 -78 0
piece 16 224 256 176 76 -94 -34 0
piece 16 208 0 192 256 -110 -290 0
piece 16 0 256 18 286 82 -270 0
frame 57 2 -8 -16 8 0 0 0 0 0
piece 15 254 0 106 98 -49 -87 0
piece 16 18 261 214 338 -112 -282 0
frame 58 4 -8 -16 8 0 0 0 0 0
piece 15 0 68 104 120 -47 -90 0
piece 16 234 332 166 268 -111 -273 0
piece 17 0 47 52 262 55 -262 0
piece 17 0 4 182 38 -94 -6 0
frame 59 3 -8 -16 8 0 0 0 0 0
piece 15 104 90 98 128 -47 -98 0
piece 17 214 0 186 68 -99 -41 0
piece 17 51 67 228 248 -115 -284 0
frame 60 5 -8 -16 8 0 0 0 0 0
piece 2 33 0 32 18 -10 -100 0
piece 15 202 98 92 120 -42 -100 0
piece 1 0 0 134 126 -59 -113 0
piece 17 278 67 122 316 -113 -289 0
piece 17 0 316 116 284 7 -256 0
frame 61 4 -8 -16 8 0 0 0 0 0
piece 2 33 0 32 18 -10 -100 0
piece 15 202 98 92 120 -42 -100 0
piece 1 0 0 134 126 -59 -113 0
piece 18 0 0 224 316 -110 -288 0
frame 62 4 -8 -16 8 0 0 0 0 0
piece 2 33 0 32 18 -10 -100 0
piece 15 202 98 92 120 -42 -100 0
piece 1 0 0 134 126 -59 -113 0
piece 17 118 378 218 222 -115 -195 0
frame 63 5 -8 -16 8 0 0 0 0 0
piece 2 33 0 32 18 -10 -100 0
piece 15 294 98 102 121 -46 -99 0
piece 1 0 0 134 126 -59 -113 0
piece 18 242 0 158 200 -88 -180 0
piece 18 225 172 34 144 70 -172 0
frame 64 4 -8 -16 8 0 0 0 0 0
piece 2 33 0 32 18 -10 -100 0
piece 15 294 98 102 121 -46 -99 0
piece 1 0 0 134 126 -59 -113 0
piece 18 0 317 206 174 -105 -146 0
frame 65 4 -8 -16 8 0 0 0 0 0
piece 2 0 0 32 18 -9 -99 0
piece 0 0 0 76 103 -37 -93 0
piece 1 0 0 134 126 -59 -113 0
piece 18 214 328 186 154 -74 -154 0
frame 66 4 -27 -117 31 5 0 0 0 0
piece 9 0 0 56 54 -24 -126 0
piece 13 0 0 76 114 -36 -110 0
piece 14 0 0 38 54 -51 -96 0
piece 14 39 2 32 38 22 -93 0
frame 67 4 -27 -140 31 10 0 0 0 0
piece 19 3 0 51 132 -23 -122 0
piece 20 0 0 20 20 -18 -117 0
piece 21 0 0 92 102 -61 -113 0
piece 21 0 313 74 94 -5 -111 0
frame 68 4 -27 -140 31 10 0 0 0 0
piece 19 54 0 52 132 -23 -122 0
piece 20 21 0 20 20 -19 -118 0
piece 21 91 0 92 102 -58 -116 0
piece 21 74 311 75 94 -2 -112 0
frame 69 4 -27 -140 31 10 0 0 0 0
piece 19 106 0 53 133 -24 -124 0
piece 20 40 0 18 20 -19 -121 0
piece 21 183 0 86 102 -56 -115 0
piece 21 147 311 91 94 -12 -118 0
frame 70 4 -27 -140 31 10 0 0 0 0
piece 19 159 0 54 134 -24 -122 0
piece 20 58 0 20 20 -20 -122 0
piece 21 269 0 92 102 -62 -117 0
piece 21 238 311 90 94 0 -118 0
frame 71 4 -27 -140 31 10 0 0 0 0
piece 19 213 0 52 133 -23 -124 0
piece 20 77 0 20 20 -21 -122 0
piece 21 0 102 92 102 -63 -106 0
piece 21 0 406 72 94 -2 -114 0
frame 72 4 -27 -140 31 10 0 0 0 0
piece 19 265 0 51 133 -22 -124 0
piece 20 98 0 18 20 -19 -121 0
piece 21 92 102 91 102 -58 -110 0
piece 21 73 408 90 94 -3 -111 0
frame 73 4 -27 -140 31 10 0 0 0 0
piece 19 3 132 52 133 -24 -120 0
piece 20 116 0 18 20 -18 -120 0
piece 21 189 102 86 102 -52 -108 0
piece 21 163 408 90 94 -5 -115 0
frame 74 4 -27 -140 31 10 0 0 0 0
piece 19 55 132 52 133 -23 -120 0
piece 20 134 0 18 20 -20 -119 0
piece 21 275 101 92 102 -57 -111 0
piece 21 275 403 90 94 -10 -113 0
frame 75 4 -27 -140 31 10 0 0 0 0
piece 19 107 133 48 132 -23 -119 0
piece 20 152 0 18 20 -21 -118 0
piece 21 0 204 100 108 -59 -112 0
piece 21 3 499 61 94 7 -111 0
frame 76 4 -27 -140 31 10 0 0 0 0
piece 19 155 133 46 132 -21 -119 0
piece 20 170 0 18 20 -20 -117 0
piece 21 100 204 90 108 -52 -112 0
piece 21 65 502 90 94 -3 -108 0
frame 77 4 -27 -140 31 10 0 0 0 0
piece 19 201 134 48 131 -23 -118 0
piece 20 188 0 18 20 -19 -119 0
piece 21 190 204 92 106 -57 -115 0
piece 21 155 505 90 94 4 -117 0
frame 78 4 -27 -140 31 10 0 0 0 0
piece 19 250 134 54 131 -21 -118 0
piece 20 206 0 18 20 -20 -121 0
piece 21 282 204 90 106 -58 -117 0
piece 21 247 503 90 94 -2 -113 0
frame 79 4 -27 -117 31 5 0 0 0 0
piece 22 1 1 50 108 -27 -99 0
piece 23 32 0 46 46 -6 -75 0
piece 23 0 0 32 46 -42 -93 0
piece 24 0 0 76 94 -59 -111 0
frame 80 4 -27 -117 31 5 0 0 0 0
piece 22 127 0 90 106 -43 -102 0
piece 23 162 1 40 42 -53 -94 0
piece 23 204 1 42 36 11 -102 0
piece 24 76 0 82 92 -69 -116 0
frame 81 4 -27 -117 31 5 0 0 0 0
piece 22 218 0 86 108 -44 -101 0
piece 23 249 1 40 44 -52 -81 0
piece 23 290 0 48 34 7 -104 0
piece 24 158 0 82 90 -78 -106 1
frame 82 4 -27 -117 31 5 0 0 0 0
piece 22 304 0 74 110 -37 -105 0
piece 23 337 3 32 30 -46 -97 0
piece 23 1 47 46 32 3 -102 0
piece 24 240 0 115 92 -77 -114 3
frame 83 5 -27 -117 31 5 -131 -120 190 28
piece 22 0 109 74 110 -36 -101 0
piece 23 47 46 42 28 -50 -108 0
piece 23 89 45 48 64 11 -80 0
piece 24 0 94 241 150 -94 -114 0
piece 25 0 0 162 218 80 -158 0
frame 84 6 -27 -117 31 5 0 0 0 0
piece 22 0 109 74 110 -36 -101 0
piece 23 47 46 42 28 -50 -108 0
piece 23 89 45 48 64 11 -80 0
piece 24 241 92 159 152 -79 -105 0
piece 24 0 248 76 150 74 -102 0
piece 25 162 0 148 256 106 -173 0
frame 85 5 -27 -117 31 5 0 0 0 0
piece 22 0 109 74 110 -36 -101 0
piece 23 47 46 42 28 -50 -108 0
piece 23 89 45 48 64 11 -80 0
piece 24 76 244 218 174 -71 -131 0
piece 25 2 238 150 180 102 -148 0
frame 86 6 -27 -117 31 5 0 0 0 0
piece 22 74 111 54 104 -21 -92 0
piece 23 138 46 34 28 -32 -104 0
piece 23 174 45 54 62 -42 -54 0
piece 24 293 276 107 144 66 -91 0
piece 24 1 421 111 145 -44 -117 0
piece 25 153 272 157 171 114 -134 0
frame 87 5 -27 -117 31 5 0 0 0 0
piece 22 128 109 72 106 -38 -94 0
piece 23 228 45 64 52 -73 -55 0
piece 24 125 420 263 180 -83 -118 0
piece 23 294 34 34 29 -21 -105 0
piece 26 0 0 174 183 115 -135 0
frame 88 5 -27 -117 31 5 0 0 0 0
piece 22 201 111 78 106 -39 -93 0
piece 23 330 34 34 28 -12 -103 0
piece 23 293 64 50 34 -61 -61 0
piece 27 0 0 266 199 -75 -123 0
piece 26 174 0 226 184 85 -137 0
frame 89 6 -27 -117 31 5 0 0 0 0
piece 22 291 192 48 26 -17 -13 0
piece 22 279 110 70 82 -29 -95 0
piece 23 34 79 28 32 0 -107 0
piece 23 1 80 34 26 -39 -67 0
piece 27 0 199 266 193 -65 -118 0
piece 26 0 183 174 188 115 -132 0
frame 90 4 -27 -117 31 5 0 0 0 0
piece 22 1 219 72 106 -36 -89 0
piece 23 1 110 32 26 -49 -72 0
piece 23 33 110 32 22 -3 -93 0
piece 27 0 392 266 208 -67 -119 0
frame 91 4 -27 -117 31 5 0 0 0 0
piece 22 73 217 74 110 -35 -96 0
piece 23 62 80 26 28 10 -93 0
piece 23 65 111 54 34 -56 -83 0
piece 28 0 0 247 157 -57 -102 0
frame 92 4 -27 -117 31 5 0 0 0 0
piece 22 147 217 94 120 -41 -105 0
piece 23 139 77 34 48 12 -107 0
piece 23 121 124 44 40 -51 -101 0
piece 28 247 0 153 154 -71 -138 0
frame 93 5 -27 -117 31 5 0 0 0 0
piece 22 241 220 96 118 -45 -104 0
piece 22 337 297 24 40 51 -28 0
piece 23 172 107 58 52 -63 -108 0
piece 23 231 98 40 42 35 -90 0
piece 28 0 157 161 152 -74 -139 0
frame 94 4 -27 -117 31 5 0 0 0 0
piece 22 0 328 116 116 -47 -101 0
piece 23 327 99 40 32 27 -79 0
piece 23 272 100 54 48 -56 -114 0
piece 28 161 157 207 152 -120 -143 0
frame 95 5 -27 -117 31 5 0 0 0 0
piece 22 116 334 128 114 -43 -99 0
piece 23 0 137 46 36 -14 -103 0
piece 23 49 147 70 48 56 -67 0
piece 28 0 309 400 184 -179 -148 0
piece 25 0 0 162 218 134 -177 0
frame 96 5 -27 -117 31 5 -212 -116 229 30
piece 22 116 334 128 114 -43 -99 0
piece 23 0 137 46 36 -14 -103 0
piece 23 49 147 70 48 56 -67 0
piece 29 0 0 400 201 -190 -159 0
piece 25 162 0 148 256 167 -189 0
frame 97 6 -27 -117 31 5 0 0 0 0
piece 22 244 337 78 116 -27 -105 0
piece 23 122 167 36 28 -43 -87 0
piece 23 168 160 40 42 30 -93 0
piece 29 0 201 225 196 44 -151 0
piece 29 0 397 259 203 -212 -149 0
piece 25 2 238 150 180 181 -163 0
frame 98 7 -27 -117 31 5 0 0 0 0
piece 22 322 337 74 122 -42 -108 0
piece 23 243 148 34 36 -11 -117 0
piece 23 209 161 34 30 -60 -78 0
piece 29 225 201 175 184 84 -153 0
piece 29 261 385 139 215 -49 -154 0
piece 30 0 0 258 148 -307 -127 0
piece 25 153 272 157 171 186 -150 0
frame 99 5 -27 -117 31 5 0 0 0 0
piece 22 2 445 66 116 -35 -105 0
piece 23 281 150 54 60 -59 -101 0
piece 30 258 0 142 198 114 -149 0
piece 30 0 162 400 159 -286 -131 0
piece 26 0 0 174 183 178 -151 0
frame 100 4 -27 -117 31 5 0 0 0 0
piece 22 69 446 74 108 -43 -102 0
piece 23 1 198 54 56 -63 -92 0
piece 30 0 319 400 183 -144 -146 0
piece 26 174 0 226 184 150 -159 0
frame 101 5 -27 -117 31 5 0 0 0 0
piece 22 146 450 82 102 -45 -95 0
piece 23 56 197 50 54 -67 -91 0
piece 31 0 0 200 187 94 -144 0
piece 31 0 187 400 145 -300 -127 0
piece 26 0 183 174 188 184 -151 0
frame 102 4 -27 -117 31 5 0 0 0 0
piece 22 233 453 110 124 -50 -109 0
piece 23 106 207 94 38 -89 -114 0
piece 31 200 0 200 187 91 -144 0
piece 31 0 332 400 130 -309 -115 0
frame 103 4 -27 -117 31 5 0 0 0 0
piece 22 340 195 60 120 -45 -115 0
piece 22 351 466 48 124 13 -116 0
piece 23 201 209 84 48 -61 -124 0
piece 31 0 463 400 137 -125 -131 0
frame 104 4 -27 -117 31 5 0 0 0 0
piece 32 0 0 90 140 -46 -130 0
piece 23 285 211 36 36 -54 -114 0
piece 23 321 210 26 36 12 -144 0
piece 33 0 0 328 140 -34 -129 0
frame 105 4 -27 -117 31 5 0 0 0 0
piece 32 90 0 90 158 -60 -145 0
piece 23 1 256 38 32 -67 -93 0
piece 23 40 255 44 50 7 -160 0
piece 33 0 140 206 98 -56 -99 0
frame 106 3 -27 -117 31 5 0 0 0 0
piece 32 0 140 112 108 -37 -95 0
piece 23 214 257 48 46 -51 -73 0
piece 33 0 350 218 138 -140 -147 0
frame 107 3 -27 -117 31 5 0 0 0 0
piece 32 0 140 112 108 -37 -95 0
piece 23 214 257 48 46 -51 -73 0
piece 34 0 0 216 161 -136 -163 0
frame 108 3 -27 -117 31 5 0 0 0 0
piece 32 0 140 112 108 -37 -95 0
piece 23 214 257 48 46 -51 -73 0
piece 34 216 0 184 165 -162 -166 0
frame 109 3 -27 -117 31 5 0 0 0 0
piece 32 109 158 98 100 -27 -87 0
piece 23 1 307 82 64 -50 -109 0
piece 34 0 161 170 184 -126 -193 0
frame 110 5 -27 -117 31 5 -43 -117 298 27
piece 32 208 188 138 66 -23 -42 0
piece 23 152 307 66 62 68 -31 0
piece 35 0 0 240 137 -10 -59 0
piece 34 170 165 230 249 3 -200 0
piece 34 0 414 398 128 -395 -192 0
frame 111 4 -27 -117 31 5 0 0 0 0
piece 35 0 137 391 154 -113 -81 0
piece 32 264 123 136 66 -22 -50 0
piece 23 83 306 68 64 69 -36 0
piece 36 0 0 353 276 -82 -222 0
frame 112 4 -27 -117 31 5 0 0 0 0
piece 35 0 291 397 144 -99 -63 0
piece 32 0 258 136 62 -21 -40 0
piece 23 218 308 64 58 68 -29 0
piece 36 0 276 353 252 -13 -203 0
frame 113 4 -27 -117 31 5 0 0 0 0
piece 35 0 440 400 151 -84 -75 0
piece 32 136 258 132 62 -20 -40 0
piece 23 283 308 56 52 72 -24 0
piece 37 0 0 400 260 -74 -207 0
frame 114 4 -27 -117 31 5 0 0 0 0
piece 38 0 0 400 170 -55 -84 0
piece 32 267 250 132 60 -21 -39 0
piece 23 283 308 56 52 72 -24 0
piece 37 0 260 400 274 -60 -204 0
frame 115 4 -27 -117 31 5 0 0 0 0
piece 38 211 170 189 430 -59 -105 3
piece 32 0 322 136 58 -23 -38 0
piece 23 283 308 56 52 72 -24 0
piece 39 0 0 400 265 -49 -214 0
frame 116 4 -27 -117 31 5 0 0 0 0
piece 38 0 170 211 430 -58 -120 3
piece 32 136 318 132 62 -22 -37 0
piece 23 283 308 56 52 72 -24 0
piece 39 0 265 400 265 -47 -215 0
frame 117 4 -27 -117 31 5 0 0 0 0
piece 40 225 0 175 431 -67 -86 3
piece 32 268 311 132 60 -21 -35 0
piece 23 283 308 56 52 72 -24 0
piece 41 0 0 400 272 -49 -213 0
frame 118 4 -27 -117 31 5 0 0 0 0
piece 40 0 431 400 169 -61 -92 0
piece 32 268 311 132 60 -21 -35 0
piece 23 283 308 56 52 72 -24 0
piece 41 0 272 400 285 -44 -233 0
frame 119 4 -27 -117 31 5 0 0 0 0
piece 42 0 0 363 155 -55 -87 0
piece 32 268 311 132 60 -21 -35 0
piece 23 283 308 56 52 72 -24 0
piece 43 0 0 400 302 -41 -253 0
frame 120 5 -8 -16 8 0 0 0 0 0
piece 42 0 300 363 148 -40 -88 0
piece 33 0 256 106 84 -21 -70 0
piece 44 37 283 28 40 66 -43 0
piece 44 74 234 34 50 34 -42 0
piece 45 0 0 400 263 -31 -218 0
frame 121 5 -8 -16 8 0 0 0 0 0
piece 46 0 0 321 226 -23 -58 0
piece 33 106 246 106 104 -24 -89 0
piece 44 145 246 34 48 18 -55 0
piece 44 199 117 32 40 56 -63 0
piece 47 0 0 400 251 -23 -216 0
frame 122 3 0 0 0 0 0 0 0 0
piece 48 78 0 62 92 -25 -97 0
piece 48 105 92 24 18 2 -5 0
piece 49 82 2 36 26 4 -76 0
frame 123 2 -27 -117 31 5 0 0 0 0
piece 48 140 0 60 114 -25 -102 0
piece 49 82 28 42 30 3 -82 0
frame 124 3 -27 -117 31 5 0 0 0 0
piece 48 200 0 46 116 -24 -108 0
piece 48 246 36 12 14 22 -72 0
piece 49 123 3 58 34 7 -78 0
frame 125 3 -27 -117 31 5 0 0 0 0
piece 48 1 104 88 110 -39 -100 0
piece 49 263 0 44 30 15 -109 0
piece 49 307 0 32 56 -46 -60 0
frame 126 4 -27 -117 31 5 0 0 0 0
piece 48 260 0 54 64 -26 -115 0
piece 48 256 64 76 62 -30 -51 0
piece 49 181 0 42 30 -17 -131 0
piece 49 223 0 40 54 -17 -61 0
frame 127 7 -27 -117 31 5 0 0 0 0
piece 48 89 114 98 88 -54 -76 0
piece 50 0 0 88 74 37 -54 0
piece 49 72 64 56 64 9 -34 0
piece 50 88 0 44 66 86 -120 0
piece 51 0 0 126 62 -51 -48 0
piece 51 126 0 32 48 41 -92 0
piece 49 2 56 70 72 -91 -59 0
frame 128 6 -27 -117 31 5 0 0 0 0
piece 48 187 116 70 114 -43 -113 0
piece 52 2 3 32 40 -68 -105 0
piece 50 132 0 114 82 -24 -53 0
piece 49 70 181 52 68 -51 -35 0
piece 51 158 0 146 86 -81 -94 0
piece 49 0 135 70 72 -110 -91 0
frame 129 9 -27 -117 31 5 0 0 0 0
piece 48 257 126 74 122 -34 -161 0
piece 52 36 2 86 36 -63 -189 0
piece 52 123 1 50 56 -73 -70 0
piece 50 246 0 154 102 -77 -80 0
piece 50 383 106 16 58 77 -94 0
piece 49 132 40 70 72 -101 -186 0
piece 51 304 0 80 138 -89 -186 0
piece 51 315 141 80 36 -34 -79 0
piece 49 134 125 70 72 -107 -51 0
frame 130 9 -27 -117 31 5 0 0 0 0
piece 48 0 214 116 110 -55 -192 0
piece 52 176 5 114 50 -144 -197 0
piece 49 218 135 70 72 -185 -192 0
piece 52 0 52 66 132 47 -240 0
piece 50 0 74 100 208 -177 -183 0
piece 49 218 59 70 72 37 -285 0
piece 50 0 282 94 64 -79 -25 0
piece 51 0 62 144 114 -41 -270 0
piece 51 146 86 54 118 -93 -234 0
frame 131 12 -27 -117 31 5 0 0 0 0
piece 48 118 204 84 84 -42 -185 0
piece 48 205 239 48 70 -27 -106 0
piece 52 71 57 114 70 -138 -198 0
piece 52 185 58 62 126 -153 -141 0
piece 49 63 249 58 68 -114 -35 0
piece 52 247 55 46 72 34 -182 0
piece 50 100 102 230 158 -148 -155 0
piece 49 0 247 58 68 16 -222 0
piece 50 338 236 62 102 8 -257 0
piece 51 65 256 98 154 -26 -309 0
piece 51 65 176 80 80 -104 -321 0
piece 51 0 185 65 96 -168 -298 0
frame 132 10 -27 -117 31 5 0 0 0 0
piece 53 1 1 360 236 -123 -125 0
piece 54 8 0 392 238 -125 -188 0
piece 55 133 0 126 82 -57 -68 0
piece 49 122 201 70 72 26 -52 0
piece 56 40 132 38 36 33 -18 0
piece 56 3 127 34 40 39 -45 0
piece 50 99 260 240 228 -123 -227 0
piece 50 13 356 82 164 8 -145 0
piece 51 166 205 234 204 -108 -168 0
piece 51 200 183 154 22 -74 -190 0
frame 133 6 -27 -117 31 5 -120 -70 282 70
piece 53 1 238 398 244 -155 -123 0
piece 53 378 1 22 186 243 -96 0
piece 55 260 0 70 82 -2 -67 0
piece 49 192 214 70 72 24 -55 0
piece 55 1 97 58 54 -59 -50 0
piece 54 10 239 386 356 -121 -301 0
frame 134 8 -27 -117 31 5 0 0 0 0
piece 57 1 1 270 260 17 -135 0
piece 58 212 398 188 132 -170 -136 0
piece 57 272 1 128 128 -110 -4 0
piece 57 338 132 60 114 -170 -4 0
piece 55 62 106 40 36 -60 -32 0
piece 55 102 82 90 70 -20 -56 0
piece 49 274 219 86 85 19 -63 0
piece 59 2 98 396 356 -141 -311 0
frame 135 6 -27 -117 31 5 0 0 0 0
piece 60 89 1 310 266 -182 -132 0
piece 60 2 268 162 264 128 -128 0
piece 55 192 81 138 76 -67 -63 0
piece 49 5 317 68 70 26 -56 0
piece 61 1 1 270 226 -79 -166 0
piece 59 69 456 256 144 -73 -309 0
frame 136 10 -27 -117 31 5 0 0 0 0
piece 62 1 275 350 268 -51 -135 0
piece 62 258 5 140 264 -191 -133 0
piece 63 138 82 136 76 -63 -59 0
piece 55 62 106 40 36 -60 -32 0
piece 55 102 82 90 70 -20 -56 0
piece 49 274 219 86 85 19 -63 0
piece 61 101 228 154 130 -53 -312 0
piece 61 259 360 58 216 101 -175 0
piece 61 323 359 72 136 101 -310 0
piece 61 102 360 154 224 -52 -183 0
frame 137 10 -27 -117 31 5 0 0 0 0
piece 64 1 1 398 235 -187 -131 0
piece 64 2 238 83 195 211 -97 0
piece 63 275 81 124 76 -63 -59 0
piece 63 1 166 12 66 61 -52 0
piece 55 62 106 40 36 -60 -32 0
piece 55 102 82 90 70 -20 -56 0
piece 49 274 219 86 85 19 -63 0
piece 65 99 332 68 186 -49 -156 0
piece 65 19 332 68 136 -49 -291 0
piece 65 209 1 142 324 19 -294 0
frame 138 8 -27 -117 31 5 0 0 0 0
piece 64 89 238 310 210 -149 -109 0
piece 66 1 1 96 190 161 -91 0
piece 63 14 166 134 80 -61 -64 0
piece 55 260 0 70 82 -2 -67 0
piece 55 1 97 58 54 -59 -50 0
piece 49 122 201 70 72 26 -52 0
piece 65 2 519 172 56 -36 -38 0
piece 65 175 332 194 268 -41 -305 0
frame 139 5 -27 -117 31 5 0 0 0 0
piece 66 98 1 302 212 -139 -108 0
piece 66 3 194 92 186 162 -87 0
piece 55 1 152 124 98 -56 -69 0
piece 49 122 201 70 72 26 -52 0
piece 67 1 1 186 266 -56 -302 0
frame 140 5 -27 -117 31 5 0 0 0 0
piece 66 3 386 82 170 159 -82 0
piece 66 99 215 300 212 -141 -106 0
piece 55 125 157 102 90 -40 -75 0
piece 49 78 317 68 70 15 -73 0
piece 67 194 1 164 270 -34 -301 0
frame 141 8 -27 -117 31 5 0 0 0 0
piece 68 148 70 72 28 168 28 0
piece 68 219 70 75 27 168 4 0
piece 66 100 428 300 128 -130 -107 0
piece 68 1 0 298 66 -128 20 0
piece 68 300 8 72 80 169 -76 0
piece 55 228 157 80 104 -26 -87 0
piece 49 154 316 68 70 -8 -66 0
piece 67 2 270 182 212 -54 -309 0
frame 142 5 -27 -117 31 5 0 0 0 0
piece 68 3 289 370 184 -122 -104 0
piece 48 253 248 78 74 -19 -86 0
piece 48 129 289 64 36 -32 -23 0
piece 49 233 325 80 70 -5 -69 0
piece 69 231 115 8 10 8 -86 0
frame 143 7 -27 -117 31 5 0 0 0 0
piece 55 1 2 76 94 -29 -95 0
piece 55 85 42 32 36 -41 -28 0
piece 70 71 1 254 154 -77 -80 0
piece 69 150 192 24 46 -4 -98 0
piece 63 376 291 24 14 -42 0 0
piece 49 5 391 44 70 -31 -70 0
piece 49 49 391 50 70 13 -70 0
frame 144 3 -27 -117 31 5 0 0 0 0
piece 71 0 0 62 42 -33 -62 0
piece 72 0 2 62 116 -43 -106 0
piece 73 0 0 24 36 -45 -89 0
frame 145 3 -27 -117 31 5 0 0 0 0
piece 72 62 2 64 124 -44 -113 0
piece 73 24 0 26 32 -64 -114 0
piece 74 0 0 161 80 -79 -99 0
frame 146 4 -27 -117 31 5 0 0 0 0
piece 72 126 1 58 134 -36 -123 0
piece 73 50 0 54 26 -79 -143 0
piece 74 161 0 80 68 -124 -133 0
piece 74 242 9 158 72 -108 -77 0
frame 147 6 -27 -117 31 5 0 0 0 0
piece 75 0 0 104 66 -34 -52 0
piece 72 184 2 54 132 -20 -114 0
piece 73 104 0 62 76 -30 -185 0
piece 73 166 0 14 20 -26 -67 0
piece 74 0 80 120 60 -110 -196 0
piece 74 120 80 130 134 -108 -148 0
frame 148 8 -27 -117 31 5 0 0 0 0
piece 75 0 74 154 72 -77 -45 0
piece 74 250 81 150 120 -61 -249 0
piece 75 216 2 84 86 74 -74 0
piece 75 104 3 112 66 -85 -109 0
piece 73 181 1 36 18 -43 -94 0
piece 73 217 0 42 98 42 -187 0
piece 74 1 141 72 192 -132 -228 0
piece 72 239 1 78 118 -33 -101 0
frame 149 10 -27 -117 31 5 -81 -162 177 27
piece 75 0 146 156 98 -102 -79 0
piece 72 317 1 80 104 -34 -87 0
piece 73 259 0 64 98 -30 -166 0
piece 73 323 0 76 66 26 -49 0
piece 75 306 132 58 98 52 -70 0
piece 75 310 16 64 114 110 -125 0
piece 74 139 294 152 76 30 -56 0
piece 74 0 333 138 122 52 -169 0
piece 74 73 214 252 80 -101 -232 0
piece 75 156 88 136 108 -107 -182 0
frame 150 11 -27 -117 31 5 0 0 0 0
piece 72 0 118 50 114 -23 -95 0
piece 73 2 40 90 52 -83 -62 0
piece 73 132 99 104 112 18 -125 0
piece 74 325 201 74 140 -90 -75 0
piece 74 145 370 128 132 -19 -60 0
piece 74 280 341 108 178 90 -130 0
piece 74 149 503 78 38 111 -166 0
piece 74 0 457 112 64 47 -230 0
piece 75 256 238 136 88 16 -173 0
piece 75 0 244 240 84 -96 -251 0
piece 75 268 326 132 160 -101 -175 0
frame 151 11 -27 -117 31 5 0 0 0 0
piece 72 50 126 72 112 -39 -96 0
piece 73 237 98 98 60 -42 -52 0
piece 73 0 92 104 34 -112 -152 0
piece 73 104 101 28 74 -8 -143 0
piece 75 0 328 74 190 -121 -226 0
piece 76 0 0 212 88 -208 -165 0
piece 76 0 88 122 164 -211 -87 0
piece 76 212 0 188 95 -137 -8 0
piece 75 74 328 194 110 -47 -87 0
piece 75 73 447 140 80 9 -153 0
piece 75 226 486 174 72 -48 -225 0
frame 152 11 -27 -117 31 5 0 0 0 0
piece 72 122 135 100 116 -55 -102 0
piece 73 0 126 104 84 -152 -114 0
piece 73 132 99 104 112 17 -114 0
piece 77 297 0 102 156 18 -202 0
piece 78 134 162 120 84 24 -146 0
piece 78 152 66 248 96 -116 -235 0
piece 77 198 0 100 146 5 -76 0
piece 78 275 162 120 84 17 -83 0
piece 78 110 109 42 58 -158 -191 0
piece 77 0 0 76 158 -161 -115 0
piece 77 82 0 110 138 -97 -76 0
frame 153 12 -27 -117 31 5 -174 -193 212 26
piece 72 222 134 90 122 -38 -110 0
piece 78 0 246 118 82 -154 -228 0
piece 73 106 234 38 74 13 -174 0
piece 73 0 210 136 24 -93 -198 0
piece 73 144 211 74 68 -10 -41 0
piece 77 164 146 64 72 -10 -212 0
piece 78 2 327 164 92 -15 -57 0
piece 78 0 420 134 138 28 -182 0
piece 77 232 155 168 58 -107 -30 0
piece 77 0 239 98 150 -177 -129 0
piece 78 132 246 172 58 -38 -234 0
piece 77 0 157 164 82 -174 -201 0
frame 154 13 -27 -117 31 5 0 0 0 0
piece 72 312 105 78 108 -29 -90 0
piece 73 303 255 82 48 37 -83 0
piece 73 358 211 38 44 92 -127 0
piece 73 303 210 44 22 -43 -87 0
piece 73 219 210 84 74 -127 -87 0
piece 78 168 324 128 146 -133 -75 0
piece 78 316 450 76 112 -10 -52 0
piece 78 308 251 92 198 52 -152 0
piece 78 150 475 166 80 -33 -229 0
piece 77 164 331 142 120 17 -169 0
piece 77 182 218 218 82 -67 -243 0
piece 77 8 389 66 80 -108 -247 0
piece 77 97 243 66 210 -173 -221 0
frame 155 10 -27 -117 31 5 0 0 0 0
piece 77 3 469 80 100 -172 -246 0
piece 77 288 504 106 96 -18 -105 0
piece 72 0 232 62 106 -31 -92 0
piece 73 110 315 34 104 12 -166 0
piece 73 2 308 108 26 -96 -173 0
piece 76 0 0 212 88 -182 -186 0
piece 76 0 88 122 164 -185 -108 0
piece 76 212 0 188 95 -111 -30 0
piece 77 306 298 94 206 59 -218 0
piece 77 100 454 164 146 -100 -253 0
frame 156 8 -27 -117 31 5 0 0 0 0
piece 73 210 284 92 98 2 -141 0
piece 73 144 285 66 40 -77 -78 0
piece 79 209 0 158 126 -86 -78 0
piece 79 130 0 72 178 65 -143 0
piece 79 2 0 128 82 -10 -223 0
piece 72 62 238 52 114 -29 -101 0
piece 76 122 95 270 156 -128 -249 0
piece 76 0 252 82 190 -206 -213 0
frame 157 12 -27 -117 31 5 -129 -177 204 33
piece 79 328 133 72 214 34 -198 0
piece 76 82 323 190 96 -51 -101 0
piece 73 324 327 42 70 -17 -177 0
piece 73 310 311 74 16 -86 -179 0
piece 79 0 170 134 86 -152 -191 0
piece 73 0 334 110 58 -57 -77 0
piece 79 134 178 182 90 -135 -51 0
piece 76 272 323 128 88 14 -173 0
piece 76 82 251 280 72 -152 -232 0
piece 72 188 309 20 66 23 -55 0
piece 79 191 269 127 72 -155 -121 0
piece 72 114 251 74 120 -51 -113 0
frame 158 15 -27 -117 31 5 0 0 0 0
piece 76 86 522 114 72 -57 -34 0
piece 76 204 493 108 94 -51 -118 0
piece 76 320 423 80 176 54 -163 0
piece 76 82 419 212 74 -88 -230 0
piece 72 208 256 82 126 -38 -121 0
piece 72 269 382 22 6 23 5 0
piece 80 32 66 60 30 36 -70 0
piece 80 92 0 28 96 96 -136 0
piece 80 32 0 60 24 -87 -138 0
piece 80 0 0 32 82 -119 -138 0
piece 76 0 442 82 158 -122 -142 0
piece 79 218 362 104 150 24 -189 0
piece 79 1 256 127 84 -60 -267 0
piece 79 128 270 62 70 67 -253 0
piece 79 322 347 78 210 -121 -257 0
frame 159 10 -27 -117 31 5 0 0 0 0
piece 79 0 341 206 98 -148 -261 0
piece 80 120 0 96 80 -63 -195 0
piece 81 0 88 204 78 -132 -45 0
piece 81 0 0 180 88 -150 -202 0
piece 72 290 245 84 134 -38 -120 0
piece 80 222 1 88 48 10 -63 0
piece 81 180 0 150 90 -153 -133 0
piece 81 337 0 62 206 69 -189 0
piece 79 1 440 134 118 12 -135 0
piece 79 136 440 88 118 53 -251 0
frame 160 11 -27 -117 31 5 0 0 0 0
piece 72 0 343 84 98 -34 -89 0
piece 80 56 100 44 30 -48 -108 0
piece 80 0 100 56 52 -104 -108 0
piece 80 100 80 96 66 43 -116 0
piece 82 2 87 96 166 44 -124 0
piece 82 135 0 88 126 44 -244 0
piece 81 0 255 152 134 11 -181 0
piece 81 5 166 218 84 -59 -259 0
piece 81 232 90 88 210 -147 -255 0
piece 82 0 0 134 82 -121 -118 0
piece 82 224 0 176 102 -113 -51 0
frame 161 9 -27 -117 31 5 -110 -177 230 51
piece 74 73 214 252 80 -101 -232 0
piece 72 317 1 80 104 -34 -87 0
piece 73 259 0 64 98 -30 -166 0
piece 73 323 0 76 66 26 -49 0
piece 82 270 101 130 206 5 -156 0
piece 82 98 127 150 102 -118 -177 0
piece 74 139 294 152 76 30 -56 0
piece 74 0 333 138 122 52 -169 0
piece 82 0 253 138 128 -125 -79 0
frame 162 11 -27 -117 31 5 0 0 0 0
piece 72 0 118 50 114 -23 -95 0
piece 74 325 201 74 140 -90 -75 0
piece 73 2 40 90 52 -83 -62 0
piece 73 132 99 104 112 18 -125 0
piece 74 145 370 128 132 -19 -60 0
piece 74 280 341 108 178 90 -130 0
piece 74 149 503 78 38 110 -166 0
piece 75 256 238 136 88 16 -173 0
piece 74 0 457 112 64 45 -230 0
piece 75 0 244 240 84 -96 -251 0
piece 75 268 326 132 160 -101 -175 0
frame 163 12 -27 -117 31 5 -176 -193 200 32
piece 72 222 134 90 122 -38 -110 0
piece 73 106 234 38 74 13 -174 0
piece 73 0 210 136 24 -93 -198 0
piece 73 144 211 74 68 -10 -41 0
piece 77 164 146 64 72 -10 -212 0
piece 78 2 327 164 92 -17 -56 0
piece 78 0 420 134 138 26 -181 0
piece 78 0 246 118 82 -156 -227 0
piece 77 232 155 168 58 -107 -30 0
piece 77 0 157 164 82 -174 -201 0
piece 77 0 239 98 150 -177 -129 0
piece 78 132 246 172 58 -40 -233 0
frame 164 13 -27 -117 31 5 0 0 0 0
piece 72 312 105 78 108 -29 -90 0
piece 73 303 255 82 48 37 -83 0
piece 73 358 211 38 44 92 -127 0
piece 73 303 210 44 22 -43 -87 0
piece 73 219 210 84 74 -127 -87 0
piece 78 168 324 128 146 -133 -75 0
piece 78 316 450 76 112 -10 -52 0
piece 78 308 251 92 198 52 -152 0
piece 78 150 475 166 80 -33 -229 0
piece 77 164 331 142 120 17 -169 0
piece 77 182 218 218 82 -67 -243 0
piece 77 8 389 66 80 -108 -247 0
piece 77 97 243 66 210 -173 -222 0
frame 165 10 -27 -117 31 5 0 0 0 0
piece 77 3 469 80 100 -172 -247 0
piece 77 288 504 106 96 -18 -105 0
piece 76 0 0 212 88 -182 -186 0
piece 72 0 232 62 106 -31 -92 0
piece 73 110 315 34 104 12 -166 0
piece 73 2 308 108 26 -96 -173 0
piece 76 0 88 122 164 -185 -108 0
piece 76 212 0 188 95 -111 -30 0
piece 77 306 298 94 206 59 -218 0
piece 77 100 454 164 146 -100 -253 0
frame 166 8 -27 -117 31 5 0 0 0 0
piece 73 210 284 92 98 2 -141 0
piece 73 144 285 66 40 -77 -78 0
piece 79 209 0 158 126 -86 -78 0
piece 79 2 0 128 82 -10 -223 0
piece 79 130 0 72 178 65 -143 0
piece 76 122 95 270 156 -128 -249 0
piece 72 62 238 52 114 -29 -101 0
piece 76 0 252 82 190 -206 -213 0
frame 167 12 -27 -117 31 5 -129 -177 204 33
piece 76 82 323 190 96 -51 -101 0
piece 73 324 327 42 70 -17 -177 0
piece 73 310 311 74 16 -86 -179 0
piece 73 0 334 110 58 -57 -77 0
piece 79 328 133 72 214 34 -198 0
piece 79 0 170 134 86 -152 -191 0
piece 76 272 323 128 88 14 -173 0
piece 76 82 251 280 72 -152 -232 0
piece 72 188 309 20 66 23 -55 0
piece 79 191 269 127 72 -155 -121 0
piece 72 114 251 74 120 -51 -113 0
piece 79 134 178 182 90 -135 -51 0
frame 168 10 -27 -117 31 5 0 0 0 0
piece 79 0 341 206 98 -148 -261 0
piece 81 0 88 204 78 -132 -45 0
piece 72 290 245 84 134 -38 -120 0
piece 80 120 0 96 80 -63 -195 0
piece 80 222 1 88 48 10 -63 0
piece 81 0 0 180 88 -150 -202 0
piece 81 180 0 150 90 -153 -133 0
piece 81 337 0 62 206 69 -189 0
piece 79 1 440 134 118 12 -135 0
piece 79 136 440 88 118 53 -251 0
frame 169 11 -27 -117 31 5 0 0 0 0
piece 72 0 343 84 98 -34 -89 0
piece 80 56 100 44 30 -48 -108 0
piece 80 0 100 56 52 -104 -108 0
piece 80 100 80 96 66 43 -116 0
piece 82 2 87 96 166 44 -124 0
piece 82 135 0 88 126 44 -244 0
piece 81 0 255 152 134 11 -181 0
piece 81 5 166 218 84 -59 -259 0
piece 81 232 90 88 210 -147 -256 0
piece 82 0 0 134 82 -121 -118 0
piece 82 224 0 176 102 -113 -51 0
frame 170 10 -27 -117 31 5 0 0 0 0
piece 72 84 374 74 130 -38 -123 0
piece 80 262 78 26 100 -11 -220 0
piece 80 200 81 62 24 -73 -217 0
piece 80 235 56 66 22 6 -56 0
piece 82 0 381 88 148 -154 -240 0
piece 82 88 381 184 78 -75 -246 0
piece 81 152 300 176 86 -151 -226 0
piece 81 320 230 80 98 -162 -142 0
piece 81 0 395 130 76 -145 -44 0
piece 82 138 238 132 144 4 -170 0
frame 171 6 -27 -117 31 5 0 0 0 0
piece 80 0 155 76 70 -21 -77 0
piece 80 76 148 44 108 21 -196 0
piece 81 0 502 108 90 -29 -160 0
piece 72 158 382 70 112 -36 -105 0
piece 81 130 386 206 98 -133 -250 0
piece 82 272 307 128 230 11 -213 0
frame 172 7 -27 -117 31 5 0 0 0 0
piece 81 108 504 156 96 -92 -138 0
piece 80 120 146 84 88 -57 -70 0
piece 72 228 388 110 106 -59 -104 0
piece 81 336 328 64 134 -2 -256 0
piece 81 266 516 124 82 -120 -258 0
piece 82 0 530 160 70 -59 -43 0
piece 82 176 458 86 142 33 -185 0
frame 173 8 -27 -117 31 5 0 0 0 0
piece 83 0 0 150 74 -87 -88 0
piece 72 338 379 62 104 -74 -101 0
piece 72 338 484 62 82 -13 -87 0
piece 84 0 0 54 138 -95 -63 0
piece 80 204 147 42 104 -83 -74 0
piece 83 148 0 76 116 4 -195 0
piece 84 196 84 92 106 -42 -19 0
piece 84 62 0 54 128 50 -79 0
frame 174 6 -27 -117 31 5 0 0 0 0
piece 83 50 74 110 158 -158 -177 0
piece 84 288 66 112 138 -169 -81 0
piece 72 157 504 68 72 -65 -115 0
piece 72 233 503 96 74 -39 -72 0
piece 80 0 256 114 110 -142 -172 0
piece 84 0 132 126 58 -163 -139 0
frame 175 10 -27 -117 31 5 0 0 0 0
piece 80 132 252 114 46 23 -239 0
piece 80 154 298 92 110 45 -193 0
piece 84 184 204 216 134 -137 -236 0
piece 83 169 116 230 118 -123 -267 0
piece 85 0 1 94 92 -37 -108 0
piece 83 0 226 70 140 -193 -232 0
piece 83 71 233 156 92 -203 -107 0
piece 85 0 93 22 14 -38 -16 0
piece 84 1 191 64 144 -198 -202 0
piece 84 69 201 114 116 -199 -59 0
frame 176 6 -27 -117 31 5 0 0 0 0
piece 86 0 0 164 176 84 -107 0
piece 86 0 0 164 176 248 -108 0
piece 80 0 406 148 38 89 -52 0
piece 85 27 121 36 26 -35 -27 0
piece 85 96 0 132 64 -33 -57 0
piece 87 0 0 172 220 173 -208 0
frame 177 6 -27 -117 31 5 0 0 0 0
piece 86 164 0 221 221 247 -143 0
piece 86 164 0 221 221 26 -143 0
piece 80 154 408 140 32 87 -28 0
piece 85 234 0 106 58 -11 -53 0
piece 85 0 110 26 22 -36 -26 0
piece 87 176 0 259 269 105 -246 0
frame 178 7 -27 -117 31 5 0 0 0 0
piece 86 0 247 206 235 42 -135 0
piece 86 0 247 206 235 248 -136 0
piece 80 155 444 140 26 86 -21 0
piece 85 63 96 92 58 1 -51 0
piece 85 27 121 36 26 -35 -26 0
piece 71 65 0 73 63 206 -41 0
piece 87 0 270 255 283 120 -259 0
frame 179 7 -27 -117 31 5 0 0 0 0
piece 86 212 257 213 203 247 -116 0
piece 86 212 257 213 203 34 -116 0
piece 85 71 154 64 52 -34 -47 0
piece 85 135 148 68 58 30 -53 0
piece 80 0 366 150 24 83 -18 0
piece 71 65 0 73 63 214 -40 0
piece 87 255 284 229 316 146 -291 0
frame 180 7 -27 -117 31 5 0 0 0 0
piece 86 0 482 202 219 46 -131 0
piece 86 0 482 202 219 248 -131 0
piece 85 71 154 64 52 -34 -45 0
piece 85 135 148 68 58 30 -51 0
piece 80 0 366 150 24 83 -16 0
piece 71 65 0 73 63 214 -39 0
piece 88 0 0 253 344 137 -310 0
frame 181 7 -27 -117 31 5 0 0 0 0
piece 85 71 154 64 52 -34 -46 0
piece 86 206 475 219 226 29 -145 0
piece 86 206 475 219 226 248 -145 0
piece 85 135 148 68 58 30 -52 0
piece 80 0 366 150 24 82 -18 0
piece 71 65 0 73 63 214 -40 0
piece 88 253 0 271 363 129 -335 0
frame 182 7 -27 -117 31 5 0 0 0 0
piece 89 0 0 206 234 42 -148 0
piece 89 0 0 206 234 248 -148 0
piece 80 0 366 150 24 83 -17 0
piece 85 71 154 64 52 -33 -45 0
piece 85 135 148 68 58 31 -51 0
piece 71 65 0 73 63 214 -39 0
piece 88 0 344 283 388 122 -382 0
frame 183 6 -27 -117 31 5 0 0 0 0
piece 85 157 65 96 68 -44 -59 0
piece 80 8 444 110 30 -37 -16 0
piece 89 206 0 210 240 41 -151 0
piece 89 206 0 210 240 245 -151 0
piece 88 283 363 298 369 114 -370 0
piece 71 0 68 94 62 16 -26 0
frame 184 7 -27 -117 31 5 0 0 0 0
piece 85 257 65 62 62 -14 -68 0
piece 85 300 134 34 70 -42 -59 0
piece 89 0 234 206 247 42 -158 0
piece 89 0 234 206 247 248 -158 0
piece 90 0 0 290 385 107 -420 0
piece 71 94 87 56 75 -43 -46 0
piece 71 153 102 56 54 11 -62 2
frame 185 7 -27 -117 31 5 0 0 0 0
piece 85 208 145 78 60 -39 -49 0
piece 85 0 149 64 52 -26 -94 0
piece 2 0 0 32 18 -10 -100 0
piece 71 159 49 38 35 14 -60 1
piece 89 206 240 210 221 248 -132 0
piece 89 206 240 210 221 38 -132 0
piece 71 141 3 53 34 -32 -62 3
frame 186 3 -27 -117 31 5 0 0 0 0
piece 0 0 103 82 102 -37 -93 0
piece 1 144 126 130 118 -64 -101 0
piece 2 141 0 38 40 -16 -99 0
frame 187 3 -27 -117 31 5 0 0 0 0
piece 91 0 0 80 106 -8 -98 0
piece 1 262 0 138 128 -33 -118 0
piece 2 0 0 32 18 23 -104 0
frame 188 4 -27 -117 31 5 0 0 0 0
piece 2 33 0 32 18 8 -108 0
piece 91 80 0 80 106 -9 -104 0
piece 91 80 106 20 12 -9 2 0
piece 44 0 0 70 54 13 -95 0
frame 189 5 -27 -117 31 5 0 0 0 0
piece 91 160 0 70 106 -34 -122 0
piece 91 160 106 50 26 -34 -16 0
piece 44 70 1 28 40 -16 -136 0
piece 44 99 1 24 40 14 -97 0
piece 69 199 55 32 44 -22 -109 0
frame 190 3 -27 -117 31 5 0 0 0 0
piece 91 230 0 62 100 -41 -91 0
piece 69 183 0 40 51 -29 -93 0
piece 44 125 1 42 35 -16 -95 0
frame 191 4 -27 -117 31 5 0 0 0 0
piece 69 223 3 38 48 -34 -85 0
piece 92 0 0 102 118 -52 -154 0
piece 91 292 0 66 90 -37 -81 0
piece 44 169 1 32 26 3 -53 0
frame 192 4 -27 -117 31 5 0 0 0 0
piece 69 2 43 34 46 -30 -89 0
piece 92 106 14 110 210 -63 -238 0
piece 91 0 106 54 96 -36 -88 0
piece 44 202 1 28 34 -9 -59 0
frame 193 3 -27 -117 31 5 0 0 0 0
piece 92 216 5 156 252 -79 -275 0
piece 91 53 118 50 106 -33 -98 0
piece 44 202 1 28 34 -16 -67 0
frame 194 5 -27 -117 31 5 0 0 0 0
piece 92 4 223 186 302 -103 -322 0
piece 92 8 525 124 60 83 -239 3
piece 91 103 106 50 112 -33 -103 0
piece 69 77 62 26 46 -31 -103 0
piece 44 274 0 34 64 -29 -78 0
frame 195 5 -27 -117 31 5 0 0 0 0
piece 91 153 132 56 112 -39 -105 0
piece 92 197 249 202 350 -74 -371 0
piece 93 0 1 44 186 -118 -262 0
piece 69 107 56 20 48 -31 -99 0
piece 44 308 1 38 58 -46 -73 0
frame 196 5 -27 -117 31 5 0 0 0 0
piece 91 210 100 72 110 -56 -102 0
piece 93 72 0 326 368 -116 -410 0
piece 69 129 57 12 44 -39 -97 0
piece 44 32 54 42 60 -35 -75 0
piece 44 2 53 30 32 -63 -77 0
frame 197 6 -27 -117 31 5 0 0 0 0
piece 93 34 382 328 218 -121 -457 0
piece 91 282 100 70 110 -50 -103 0
piece 94 14 0 200 186 -106 -239 0
piece 69 143 54 24 46 -31 -96 0
piece 44 75 44 42 42 -14 -70 0
piece 44 79 87 32 28 -58 -93 0
frame 198 7 -27 -117 31 5 0 0 0 0
piece 91 0 214 68 116 -46 -108 0
piece 94 215 12 160 402 41 -539 0
piece 94 8 249 178 248 -136 -463 0
piece 94 268 419 118 156 -72 -218 0
piece 69 169 53 28 44 -34 -101 0
piece 44 118 43 44 30 -2 -82 0
piece 44 118 72 34 32 -54 -107 0
frame 199 5 -27 -117 31 5 0 0 0 0
piece 95 5 8 338 488 -133 -555 0
piece 91 68 224 70 118 -40 -110 0
piece 69 169 53 28 44 -30 -104 0
piece 44 163 42 42 30 4 -84 0
piece 44 152 73 30 32 -50 -120 0
frame 200 6 -27 -117 31 5 0 0 0 0
piece 96 9 0 332 314 -129 -508 0
piece 96 0 317 84 124 -24 -195 0
piece 91 138 244 76 118 -35 -110 0
piece 69 169 53 28 44 -23 -107 0
piece 44 206 44 46 30 13 -91 0
piece 44 182 72 28 33 -39 -125 0
frame 201 7 -27 -117 31 5 0 0 0 0
piece 96 80 317 312 283 -129 -560 0
piece 97 67 0 268 96 -65 -277 0
piece 97 0 97 110 98 -37 -182 3
piece 91 214 210 76 122 -34 -115 0
piece 69 199 55 32 44 -22 -105 0
piece 44 210 74 46 32 17 -85 0
piece 44 255 63 26 40 -31 -125 0
frame 202 7 -27 -117 31 5 0 0 0 0
piece 98 0 285 240 314 -54 -387 0
piece 98 239 326 160 228 -63 -543 1
piece 91 290 210 66 122 -42 -115 0
piece 91 356 251 22 18 24 -74 0
piece 69 199 55 32 44 -20 -102 0
piece 44 281 63 30 42 -23 -137 0
piece 44 311 59 38 44 19 -81 0
frame 203 6 -27 -117 31 5 0 0 0 0
piece 97 0 288 238 310 -59 -379 0
piece 97 199 122 196 160 -38 -536 0
piece 91 0 330 86 118 -49 -109 0
piece 69 0 89 36 46 -17 -96 0
piece 44 350 1 40 42 -4 -130 0
piece 44 350 43 42 34 10 -60 0
frame 204 10 -27 -117 31 5 0 0 0 0
piece 99 0 6 206 314 -18 -317 0
piece 91 86 362 98 72 -50 -63 0
piece 69 38 106 24 28 24 -65 0
piece 97 237 288 140 300 12 -617 0
piece 44 2 117 26 36 29 -23 0
piece 44 30 117 34 36 -20 -60 0
piece 100 9 285 316 284 -202 -173 0
piece 100 0 18 310 262 114 -152 0
piece 91 86 362 98 72 -50 -63 0
piece 101 7 10 388 478 -88 -396 0
frame 205 10 -27 -117 31 5 0 0 0 0
piece 91 184 361 102 72 -51 -62 0
piece 99 0 326 206 274 -17 -255 0
piece 69 64 109 20 26 26 -86 0
piece 99 216 36 184 292 -20 -533 0
piece 44 65 117 28 34 28 -14 0
piece 44 92 117 40 34 -21 -64 0
piece 102 0 6 326 280 112 -156 0
piece 102 0 301 328 290 -215 -141 0
piece 91 184 361 102 72 -51 -62 0
piece 103 11 3 388 468 -84 -373 0
frame 206 10 -27 -117 31 5 0 0 0 0
piece 91 286 332 92 76 -51 -69 0
piece 91 357 87 20 42 38 -56 0
piece 69 90 109 28 22 50 -51 0
piece 104 0 8 192 228 -6 -190 0
piece 99 232 396 168 164 -2 -354 0
piece 44 135 117 30 38 36 -47 0
piece 44 166 117 30 38 -25 -63 0
piece 105 0 11 328 268 -218 -155 0
piece 105 0 289 324 282 110 -162 0
piece 106 13 27 376 442 -76 -367 0
frame 207 9 -27 -117 31 5 0 0 0 0
piece 104 187 11 212 226 -7 -295 0
piece 104 210 237 162 118 16 -69 0
piece 91 0 448 108 88 -51 -78 0
piece 69 118 104 36 44 8 -86 0
piece 44 199 117 32 40 32 -57 0
piece 44 231 117 32 40 -31 -70 0
piece 107 0 8 328 274 -219 -157 0
piece 107 0 291 324 280 109 -152 0
piece 108 25 24 360 442 -66 -359 0
frame 208 8 -27 -117 31 5 0 0 0 0
piece 104 0 237 210 362 -10 -278 0
piece 91 108 434 104 102 -50 -85 0
piece 69 157 108 26 20 10 -90 0
piece 44 265 113 32 42 32 -67 0
piece 44 298 113 30 42 -29 -79 0
piece 109 0 0 328 262 -218 -136 0
piece 109 0 272 322 270 110 -137 0
piece 110 22 22 354 422 -73 -340 0
frame 209 9 -27 -117 31 5 0 0 0 0
piece 91 212 433 96 102 -51 -92 0
piece 69 183 106 34 44 0 -95 0
piece 104 209 354 182 246 -3 -217 0
piece 111 0 0 188 110 29 -316 0
piece 44 352 76 32 40 23 -68 0
piece 44 329 116 26 40 -29 -82 0
piece 112 0 0 328 262 -215 -138 0
piece 112 0 266 324 266 109 -137 0
piece 113 20 9 358 412 -69 -330 0
frame 210 9 -27 -117 31 5 0 0 0 0
piece 91 308 408 70 104 -50 -96 0
piece 111 204 1 196 374 -33 -349 0
piece 69 231 115 8 10 1 -98 0
piece 91 355 178 20 38 18 -97 0
piece 44 358 118 34 44 18 -78 0
piece 44 358 163 38 43 -24 -84 0
piece 114 0 0 314 210 109 -139 0
piece 114 0 226 306 248 -185 -143 0
piece 115 48 0 302 388 -53 -346 0
frame 211 8 -27 -117 31 5 0 0 0 0
piece 116 0 0 248 108 -39 -50 0
piece 111 0 111 188 390 -24 -330 0
piece 117 0 0 98 92 -50 -83 0
piece 69 1 135 44 36 -11 -71 0
piece 44 307 158 42 28 1 -93 0
piece 44 280 158 28 34 21 -37 0
piece 118 0 0 226 306 -5 -331 0
piece 119 0 4 392 548 73 -421 0
frame 212 8 -27 -117 31 5 0 0 0 0
piece 116 0 108 248 108 -45 -53 0
piece 111 188 377 188 222 -14 -188 0
piece 117 98 0 106 84 -50 -75 0
piece 69 46 137 42 36 0 -60 0
piece 120 0 0 166 178 -12 -360 0
piece 44 249 158 28 32 30 -23 0
piece 44 212 158 36 28 19 -86 0
piece 121 9 11 384 532 77 -397 0
frame 213 7 -27 -117 31 5 0 0 0 0
piece 116 12 221 226 100 -28 -44 0
piece 120 190 0 174 324 -16 -268 0
piece 117 204 0 100 78 -50 -66 0
piece 69 88 148 44 36 -2 -57 0
piece 44 182 158 26 32 30 -16 0
piece 44 140 158 42 30 24 -74 0
piece 122 0 5 398 482 67 -392 0
frame 214 7 -27 -117 31 5 0 0 0 0
piece 116 48 322 164 86 4 -38 0
piece 120 0 178 168 350 -6 -265 0
piece 117 0 92 100 96 -50 -89 0
piece 69 135 148 42 38 -3 -73 0
piece 44 109 157 30 34 22 -44 0
piece 44 76 157 34 34 1 -100 0
piece 123 11 7 378 480 78 -378 0
frame 215 8 -27 -117 31 5 0 0 0 0
piece 117 100 84 90 108 -50 -101 0
piece 69 177 154 40 42 -10 -87 0
piece 120 186 324 178 276 -16 -230 0
piece 120 14 530 145 65 5 -294 0
piece 44 46 158 28 34 12 -59 0
piece 44 6 158 40 34 -8 -116 0
piece 116 50 424 156 80 5 -32 0
piece 124 7 12 384 452 72 -343 0
frame 216 6 -27 -117 31 5 0 0 0 0
piece 125 0 3 200 348 -24 -302 0
piece 117 190 84 76 108 -45 -99 0
piece 69 222 148 40 44 -15 -91 0
piece 44 32 190 40 36 -8 -107 0
piece 44 2 190 30 38 2 -62 0
piece 126 9 10 376 444 68 -343 0
frame 217 9 -27 -117 31 5 0 0 0 0
piece 117 266 78 102 72 -50 -64 0
piece 99 0 6 206 314 -18 -317 0
piece 97 237 288 140 300 12 -617 0
piece 69 38 106 24 28 25 -64 0
piece 44 76 193 28 32 28 -22 0
piece 44 104 193 40 32 -26 -64 0
piece 116 0 0 248 108 -35 -50 0
piece 127 42 0 358 448 77 -358 0
piece 119 0 4 392 548 -304 -383 0
frame 218 9 -27 -117 31 5 0 0 0 0
piece 99 0 326 206 274 -17 -255 0
piece 99 216 36 184 292 -20 -533 0
piece 91 184 361 102 72 -51 -62 0
piece 69 64 109 20 26 33 -54 0
piece 44 173 208 26 32 30 -19 0
piece 44 145 192 26 40 -22 -67 3
piece 116 0 108 248 108 -41 -53 0
piece 128 2 0 266 338 165 -316 0
piece 121 9 11 384 532 -297 -361 0
frame 219 8 -27 -117 31 5 0 0 0 0
piece 104 209 354 182 246 -3 -217 0
piece 111 0 0 188 110 29 -316 0
piece 91 0 448 108 88 -51 -78 0
piece 69 118 104 36 44 5 -84 0
piece 44 199 117 32 40 32 -57 0
piece 44 231 117 32 40 -31 -70 0
piece 116 12 221 226 100 -24 -44 0
piece 122 0 5 398 482 -300 -353 0
frame 220 7 -27 -117 31 5 0 0 0 0
piece 111 204 1 196 374 -33 -349 0
piece 91 212 433 96 102 -51 -92 0
piece 69 157 108 26 20 10 -95 0
piece 44 352 76 32 40 23 -68 0
piece 44 329 116 26 40 -29 -82 0
piece 116 48 322 164 86 9 -40 0
piece 123 11 7 378 480 -292 -339 0
frame 221 9 -27 -117 31 5 0 0 0 0
piece 117 0 0 98 92 -50 -83 0
piece 129 12 13 134 80 37 -57 0
piece 111 0 111 188 390 -24 -330 0
piece 69 1 135 44 36 -11 -71 0
piece 44 307 158 42 28 1 -93 0
piece 44 280 158 28 34 21 -37 0
piece 116 50 424 156 80 11 -35 0
piece 124 7 12 384 452 -287 -312 0
piece 101 7 10 388 478 -122 -347 0
frame 222 8 -27 -117 31 5 0 0 0 0
piece 111 188 377 188 222 -14 -188 0
piece 120 0 0 166 178 -12 -360 0
piece 117 98 0 106 84 -50 -75 0
piece 69 46 137 42 36 0 -60 0
piece 44 249 158 28 32 30 -23 0
piece 44 212 158 36 28 19 -86 0
piece 126 9 10 376 444 -287 -316 0
piece 103 11 3 388 468 -119 -327 0
frame 223 7 -27 -117 31 5 0 0 0 0
piece 120 190 0 174 324 -16 -268 0
piece 117 204 0 100 78 -50 -66 0
piece 69 88 148 44 36 -2 -57 0
piece 44 182 158 26 32 30 -16 0
piece 44 140 158 42 30 24 -74 0
piece 127 42 0 358 448 -275 -324 0
piece 106 13 27 376 442 -118 -324 0
frame 224 7 -27 -117 31 5 0 0 0 0
piece 120 0 178 168 350 -6 -265 0
piece 117 0 92 100 96 -50 -89 0
piece 69 135 148 42 38 -3 -72 0
piece 44 109 157 30 34 22 -44 0
piece 44 76 157 34 34 1 -100 0
piece 128 2 0 266 338 -276 -307 0
piece 108 25 24 360 442 -108 -316 0
frame 225 7 -27 -117 31 5 0 0 0 0
piece 120 186 324 178 276 -16 -230 0
piece 117 100 84 90 108 -50 -101 0
piece 69 177 154 40 42 -10 -87 0
piece 120 14 530 145 65 5 -294 0
piece 44 46 158 28 34 12 -59 0
piece 44 6 158 40 34 -8 -116 0
piece 110 22 22 354 422 -120 -298 0
frame 226 6 -27 -117 31 5 0 0 0 0
piece 117 190 84 76 108 -45 -99 0
piece 69 0 89 36 46 -14 -95 0
piece 44 32 190 40 36 -8 -107 0
piece 44 2 190 30 38 2 -62 0
piece 125 0 3 200 348 -24 -302 0
piece 113 20 9 358 412 -113 -323 0
frame 227 9 -27 -117 31 5 0 0 0 0
piece 117 266 78 102 72 -50 -64 0
piece 99 0 6 206 314 -18 -317 0
piece 97 237 288 140 300 12 -617 0
piece 44 76 193 28 32 28 -22 0
piece 44 104 193 40 32 -26 -64 0
piece 69 38 106 24 28 24 -63 0
piece 116 0 0 248 108 -22 -49 0
piece 113 20 9 358 412 -111 -316 0
piece 119 0 4 392 548 73 -421 0
frame 228 8 -27 -117 31 5 0 0 0 0
piece 91 184 361 102 72 -51 -62 0
piece 99 0 326 206 274 -17 -255 0
piece 44 173 208 26 32 30 -19 0
piece 44 145 192 26 40 -22 -67 3
piece 69 64 109 20 26 33 -54 0
piece 99 216 36 184 292 -20 -533 0
piece 116 0 108 248 108 -26 -52 0
piece 121 9 11 384 532 77 -397 0
frame 229 9 -27 -117 31 5 0 0 0 0
piece 125 202 0 198 268 -3 -335 0
piece 117 293 150 88 58 -50 -51 0
piece 69 0 183 36 30 18 -53 0
piece 117 315 6 14 56 38 -47 0
piece 44 173 208 26 32 30 -19 0
piece 44 145 192 26 40 6 -37 0
piece 125 214 268 186 118 9 -67 0
piece 116 12 221 226 100 -9 -42 0
piece 122 0 5 398 482 67 -392 0
frame 230 8 -27 -117 31 5 0 0 0 0
piece 125 7 354 212 246 -12 -183 0
piece 125 220 429 176 92 24 -271 0
piece 117 293 212 88 48 -49 -37 0
piece 117 340 10 14 44 39 -33 0
piece 69 43 181 26 10 25 -40 0
piece 44 200 194 44 32 17 -7 0
piece 116 48 322 164 86 23 -37 0
piece 123 11 7 378 480 78 -378 0
frame 231 6 -27 -117 31 5 0 0 0 0
piece 117 1 269 102 52 -49 -33 0
piece 69 72 189 40 18 7 -37 0
piece 44 244 194 44 42 18 -10 0
piece 130 6 0 190 294 -24 -256 0
piece 116 50 424 156 80 26 -31 0
piece 124 7 12 384 452 72 -343 0
frame 232 5 -27 -117 31 5 0 0 0 0
piece 69 116 188 30 46 14 -84 0
piece 117 103 292 100 90 -50 -82 0
piece 44 288 194 56 42 0 -56 0
piece 130 214 3 186 292 -14 -251 0
piece 126 9 10 376 444 68 -343 0
frame 233 6 -27 -117 31 5 0 0 0 0
piece 69 150 192 24 46 -3 -97 0
piece 117 203 283 96 104 -51 -96 0
piece 44 40 228 32 38 22 -74 0
piece 44 2 229 38 50 -16 -72 0
piece 130 0 308 196 292 -37 -264 0
piece 127 42 0 358 448 77 -358 0
frame 234 7 -27 -117 31 5 0 0 0 0
piece 69 179 196 20 46 -14 -104 0
piece 117 299 260 80 116 -51 -109 0
piece 44 74 234 34 50 -29 -76 0
piece 44 110 224 34 40 5 -84 0
piece 131 3 210 40 42 -2 -288 0
piece 130 200 300 200 300 -48 -261 0
piece 128 2 0 266 338 165 -316 0
frame 235 7 -27 -117 31 5 0 0 0 0
piece 69 206 197 22 44 -28 -104 0
piece 117 0 321 68 118 -52 -109 0
piece 44 179 240 38 38 -10 -82 0
piece 44 145 246 34 48 -43 -78 0
piece 131 287 7 106 84 26 -47 0
piece 131 301 107 56 194 119 -238 0
piece 131 50 0 158 300 -39 -346 0
frame 236 13 -27 -117 31 5 0 0 0 0
piece 100 0 18 310 262 0 -152 0
piece 100 9 285 316 284 -316 -173 0
piece 131 21 304 198 294 -73 -268 0
piece 131 224 316 160 162 -52 -429 0
piece 69 230 196 10 14 -38 -106 0
piece 117 68 382 66 128 -51 -113 0
piece 44 219 241 32 32 -15 -94 0
piece 44 252 239 26 44 -47 -79 0
piece 132 0 0 330 208 -168 -130 0
piece 133 0 0 195 195 0 -397 0
piece 133 0 0 195 195 -195 -397 0
piece 133 0 0 195 195 1 -202 2
piece 133 0 0 195 195 -194 -202 1
frame 237 14 -27 -117 31 5 0 0 0 0
piece 102 0 6 326 280 -1 -156 0
piece 102 0 301 328 290 -328 -141 0
piece 117 134 382 72 122 -56 -114 0
piece 44 312 241 26 44 -62 -84 0
piece 69 4 231 30 40 -46 -109 0
piece 134 2 0 184 184 -46 -511 0
piece 44 279 241 32 30 -20 -107 0
piece 134 7 194 196 406 -83 -348 0
piece 132 0 210 328 278 -222 -217 0
piece 132 2 488 174 108 104 -155 1
piece 133 0 196 276 279 -276 -203 0
piece 133 0 196 276 279 0 -202 0
piece 133 0 196 276 279 -1 -478 1
piece 133 0 196 276 279 -277 -482 2
frame 238 14 -27 -117 31 5 0 0 0 0
piece 105 0 11 328 268 -328 -155 0
piece 105 0 289 324 282 0 -162 0
piece 134 202 182 198 408 -95 -395 0
piece 117 207 387 80 124 -64 -117 0
piece 44 356 210 34 30 -28 -117 0
piece 134 199 0 200 170 -2 -565 0
piece 69 69 227 26 18 -58 -114 0
piece 44 354 239 34 42 -76 -86 0
piece 135 0 0 332 340 -332 -202 0
piece 135 0 0 332 340 0 -534 1
piece 135 0 0 332 340 -332 -542 2
piece 135 0 0 332 340 0 -202 0
piece 136 0 0 312 386 -219 -279 0
piece 136 0 388 248 126 93 -192 1
frame 239 13 -27 -117 31 5 0 0 0 0
piece 107 0 8 328 274 -328 -157 0
piece 107 0 291 324 280 0 -152 0
piece 137 0 41 214 558 -142 -475 0
piece 117 287 377 90 124 -73 -115 0
piece 44 2 283 34 34 -36 -116 0
piece 137 252 24 40 88 71 -399 0
piece 69 69 227 26 18 -64 -112 0
piece 44 37 283 28 40 -81 -83 0
piece 138 0 0 368 362 0 -201 0
piece 138 0 0 368 362 -368 -201 0
piece 138 0 0 368 362 0 -569 1
piece 138 0 0 368 362 -368 -563 2
piece 139 0 0 400 472 -195 -330 0
frame 240 13 -27 -117 31 5 0 0 0 0
piece 109 0 272 322 270 0 -137 0
piece 109 0 0 328 262 -328 -136 0
piece 140 0 0 94 132 -78 -124 0
piece 44 67 285 34 38 -43 -133 0
piece 137 214 128 176 470 -74 -518 0
piece 141 10 3 52 200 -125 -306 0
piece 69 69 227 26 18 -68 -111 0
piece 44 101 285 34 38 -91 -85 0
piece 142 0 0 376 392 -376 -188 0
piece 142 0 0 376 392 0 -188 0
piece 142 0 0 376 392 0 -564 1
piece 142 0 0 376 392 -376 -580 2
piece 139 0 0 400 472 -194 -386 0
frame 241 12 -27 -117 31 5 0 0 0 0
piece 112 0 0 328 262 -324 -138 0
piece 112 0 266 324 266 0 -137 0
piece 141 192 0 208 410 -121 -464 0
piece 140 94 0 98 134 -82 -127 0
piece 44 136 295 34 32 -47 -136 0
piece 44 171 294 36 36 -96 -85 0
piece 69 69 227 26 18 -68 -109 0
piece 143 0 1 364 398 0 -193 0
piece 143 0 1 364 398 -364 -193 0
piece 143 0 1 364 398 0 -557 1
piece 143 0 1 364 398 -364 -591 2
piece 144 0 0 400 600 -192 -488 0
frame 242 13 -27 -117 31 5 0 0 0 0
piece 141 0 204 198 396 -142 -471 0
piece 140 213 0 80 138 -65 -131 0
piece 44 209 277 36 30 -52 -141 0
piece 140 191 38 22 32 -87 -94 0
piece 44 209 307 36 34 -100 -84 0
piece 69 104 239 6 6 -67 -96 0
piece 145 1 0 396 400 1 -192 0
piece 145 1 0 396 400 -395 -192 0
piece 145 1 0 396 400 0 -588 1
piece 145 1 0 396 400 -396 -592 2
piece 114 0 0 314 210 0 -139 0
piece 114 0 226 306 248 -294 -143 0
piece 146 0 0 400 600 -194 -527 0
frame 243 10 -27 -117 31 5 0 0 0 0
piece 147 5 0 192 450 -145 -531 0
piece 140 293 0 58 138 -91 -132 0
piece 44 275 285 42 34 -108 -89 0
piece 44 247 285 28 34 -60 -145 0
piece 140 300 378 50 98 -33 -89 0
piece 69 104 239 6 6 -68 -96 0
piece 148 0 0 398 400 1 -189 0
piece 148 0 0 398 400 -396 -189 0
piece 148 0 0 398 400 1 -587 1
piece 148 0 0 398 400 -405 -589 2
frame 244 6 -27 -117 31 5 0 0 0 0
piece 147 239 385 30 90 -164 -247 0
piece 140 0 132 106 138 -91 -130 0
piece 69 115 240 6 6 -65 -97 0
piece 44 318 285 32 32 -52 -141 0
piece 44 350 282 44 34 -107 -95 0
piece 147 197 0 202 354 -138 -426 0
frame 245 5 -27 -117 31 5 0 0 0 0
piece 149 5 0 256 354 -164 -439 0
piece 140 106 134 104 136 -88 -128 0
piece 69 104 239 6 6 -59 -102 0
piece 44 2 324 38 26 -97 -103 0
piece 44 40 324 34 28 -41 -137 0
frame 246 5 -27 -117 31 5 0 0 0 0
piece 150 1 0 264 331 -151 -404 0
piece 140 210 138 86 130 -71 -121 0
piece 44 75 325 34 30 -15 -129 0
piece 69 115 240 6 6 -40 -107 0
piece 44 109 325 40 30 -86 -106 0
frame 247 7 -27 -117 31 5 0 0 0 0
piece 149 4 355 138 208 -135 -376 0
piece 69 132 238 8 10 -14 -106 0
piece 140 297 138 54 130 -50 -118 0
piece 140 244 379 18 132 4 -121 0
piece 44 195 342 34 32 -1 -127 0
piece 44 154 330 40 26 -60 -101 0
piece 149 263 0 136 354 -2 -394 0
frame 248 6 -27 -117 31 5 0 0 0 0
piece 69 145 240 22 16 1 -97 0
piece 140 0 270 90 104 -51 -97 0
piece 149 142 356 258 244 -104 -397 0
piece 44 246 324 36 26 12 -104 0
piece 44 246 350 38 26 -48 -92 0
piece 151 12 0 162 106 -27 -153 0
frame 249 10 -27 -117 31 5 0 0 0 0
piece 117 1 269 102 52 -49 -33 0
piece 151 218 16 182 484 5 -456 0
piece 44 285 320 44 48 19 -12 0
piece 151 9 114 150 262 -141 -355 0
piece 69 171 248 38 20 7 -38 0
piece 119 0 4 392 548 69 -458 0
piece 119 0 4 392 548 -216 -462 0
piece 101 7 10 388 478 -91 -364 0
piece 119 0 4 392 548 133 -351 0
piece 119 0 4 392 548 -300 -355 0
frame 250 10 -27 -117 31 5 0 0 0 0
piece 151 218 16 182 484 5 -451 0
piece 151 9 114 150 262 -141 -350 0
piece 117 1 269 102 52 -49 -33 0
piece 69 171 248 38 20 7 -38 0
piece 44 285 320 44 48 19 -12 0
piece 121 9 11 384 532 -207 -433 0
piece 121 9 11 384 532 70 -430 0
piece 103 11 3 388 468 -90 -340 0
piece 121 9 11 384 532 137 -327 0
piece 121 9 11 384 532 -293 -332 0
frame 251 10 -27 -117 31 5 0 0 0 0
piece 151 0 378 210 222 -27 -172 0
piece 151 216 504 184 96 -28 -266 0
piece 117 1 269 102 52 -49 -33 0
piece 44 285 320 44 48 19 -12 0
piece 69 171 248 38 20 7 -38 0
piece 122 0 5 398 482 -211 -425 0
piece 122 0 5 398 482 60 -421 0
piece 106 13 27 376 442 -82 -332 0
piece 122 0 5 398 482 126 -323 0
piece 122 0 5 398 482 -299 -326 0
frame 252 12 -27 -117 31 5 0 0 0 0
piece 152 0 0 200 168 110 -59 0
piece 152 0 0 200 168 -90 -58 0
piece 151 0 378 210 222 -27 -172 0
piece 151 216 504 184 96 -28 -266 0
piece 117 1 269 102 52 -49 -33 0
piece 69 171 248 38 20 7 -38 0
piece 44 285 320 44 48 19 -12 0
piece 108 25 24 360 442 -71 -325 0
piece 123 11 7 378 480 73 -406 0
piece 123 11 7 378 480 139 -309 0
piece 123 11 7 378 480 -203 -410 0
piece 123 11 7 378 480 -291 -314 0
frame 253 12 -27 -117 31 5 0 0 0 0
piece 152 200 0 200 162 -87 -53 0
piece 152 200 0 200 162 107 -54 0
piece 151 0 378 210 222 -27 -172 0
piece 151 216 504 184 96 -28 -266 0
piece 117 1 269 102 52 -49 -33 0
piece 44 331 317 44 46 19 -12 0
piece 69 171 248 38 20 7 -38 0
piece 110 22 22 354 422 -80 -313 0
piece 124 7 12 384 452 60 -380 0
piece 124 7 12 384 452 130 -280 0
piece 124 7 12 384 452 -205 -384 0
piece 124 7 12 384 452 -288 -291 0
frame 254 12 -27 -117 31 5 0 0 0 0
piece 152 0 169 170 134 110 -42 0
piece 152 0 169 170 134 -60 -41 0
piece 151 0 378 210 222 -27 -172 0
piece 151 216 504 184 96 -28 -266 0
piece 117 1 269 102 52 -49 -33 0
piece 44 3 355 44 46 19 -12 0
piece 69 171 248 38 20 7 -38 0
piece 113 20 9 358 412 -83 -321 0
piece 126 9 10 376 444 58 -390 0
piece 126 9 10 376 444 125 -286 0
piece 126 9 10 376 444 -191 -393 0
piece 126 9 10 376 444 -268 -302 0
frame 255 12 -27 -117 31 5 0 0 0 0
piece 152 175 165 134 138 -20 -41 0
piece 152 175 165 134 138 104 -41 0
piece 151 0 378 210 222 -27 -172 0
piece 151 216 504 184 96 -28 -266 0
piece 117 1 269 102 52 -49 -33 0
piece 44 50 355 46 46 19 -12 0
piece 69 171 248 38 20 7 -38 0
piece 115 48 0 302 388 -64 -342 0
piece 127 42 0 358 448 75 -424 0
piece 127 42 0 358 448 132 -302 0
piece 127 42 0 358 448 -182 -413 0
piece 127 42 0 358 448 -268 -314 0
frame 256 12 -27 -117 31 5 0 0 0 0
piece 117 1 269 102 52 -49 -33 0
piece 44 95 355 44 46 18 -12 0
piece 151 0 378 210 222 -27 -174 0
piece 151 216 504 184 96 -28 -268 0
piece 69 171 248 38 20 7 -38 0
piece 118 0 0 226 306 -15 -326 0
piece 128 2 0 266 338 160 -415 0
piece 128 2 0 266 338 224 -311 0
piece 128 2 0 266 338 -176 -416 0
piece 128 2 0 266 338 -260 -294 0
piece 152 312 167 88 130 102 -42 0
piece 152 312 167 88 130 26 -41 0
frame 257 4 -27 -117 31 5 0 0 0 0
piece 2 162 42 34 40 -3 -92 0
piece 63 138 245 120 102 -41 -92 0
piece 153 1 6 198 284 0 -210 0
piece 44 290 368 54 47 -8 -57 0
frame 258 6 -27 -117 31 5 0 0 0 0
piece 2 33 0 32 18 -5 -100 0
piece 63 262 252 112 102 -38 -99 0
piece 153 209 1 190 282 7 -204 0
piece 63 376 291 24 14 -41 0 0
piece 44 348 367 46 40 18 -60 0
piece 44 141 364 46 42 -23 -61 0
frame 259 6 -27 -117 31 5 0 0 0 0
piece 152 312 167 88 130 22 -53 0
piece 152 312 167 88 130 98 -53 0
piece 153 6 290 194 292 4 -210 0
piece 0 0 0 76 103 -37 -93 0
piece 1 0 0 134 126 -60 -113 0
piece 2 0 0 32 18 -9 -99 0
frame 260 4 -27 -117 31 5 0 0 0 0
piece 98 3 0 198 286 5 -214 0
piece 0 76 0 80 103 -39 -93 0
piece 1 134 0 128 122 -57 -110 0
piece 2 33 0 32 18 -10 -100 0
frame 261 4 -27 -117 31 5 0 0 0 0
piece 98 204 0 196 288 6 -235 0
piece 0 156 0 78 103 -37 -93 0
piece 1 262 0 138 128 -62 -116 0
piece 2 68 0 34 40 -12 -100 0
frame 262 10 -27 -117 31 5 -234 -97 247 80
piece 91 184 361 102 72 -51 -62 0
piece 99 0 326 206 274 -17 -255 0
piece 69 64 109 20 26 26 -86 0
piece 99 216 36 184 292 -20 -533 0
piece 44 65 117 28 34 28 -14 0
piece 44 92 117 40 34 -21 -64 0
piece 102 0 6 326 280 112 -156 0
piece 102 0 301 328 290 -215 -141 0
piece 91 184 361 102 72 -51 -62 0
piece 103 11 3 388 468 -84 -373 0
frame 263 7 -27 -117 31 5 -107 -97 285 32
piece 116 12 221 226 100 -28 -44 0
piece 120 190 0 174 324 -16 -268 0
piece 117 204 0 100 78 -50 -66 0
piece 69 88 148 44 36 -2 -57 0
piece 44 182 158 26 32 30 -16 0
piece 44 140 158 42 30 24 -74 0
piece 122 0 5 398 482 67 -392 0
frame 264 9 -27 -117 31 5 -105 -81 292 65
piece 99 0 326 206 274 -17 -255 0
piece 99 216 36 184 292 -20 -533 0
piece 91 184 361 102 72 -51 -62 0
piece 69 64 109 20 26 33 -54 0
piece 44 173 208 26 32 30 -19 0
piece 44 145 192 26 40 -22 -67 3
piece 116 0 108 248 108 -41 -53 0
piece 128 2 0 266 338 165 -316 0
piece 121 9 11 384 532 -297 -361 0
frame 265 10 -27 -117 31 5 0 0 0 0
piece 91 286 332 92 76 -51 -69 0
piece 104 210 237 162 118 16 -69 0
piece 104 187 11 212 226 -7 -295 0
piece 91 357 87 20 42 38 -56 0
piece 69 90 109 28 22 18 -75 0
piece 44 135 117 30 38 36 -47 0
piece 44 166 117 30 38 -25 -63 0
piece 116 0 108 248 108 -41 -53 0
piece 128 2 0 266 338 165 -316 0
piece 121 9 11 384 532 -297 -361 0
frame 266 8 -27 -117 31 5 -154 -96 143 49
piece 111 188 377 188 222 -14 -188 0
piece 120 0 0 166 178 -12 -360 0
piece 117 98 0 106 84 -50 -75 0
piece 69 46 137 42 36 0 -60 0
piece 44 249 158 28 32 30 -23 0
piece 44 212 158 36 28 19 -86 0
piece 126 9 10 376 444 -287 -316 0
piece 103 11 3 388 468 -119 -327 0
frame 267 8 -27 -117 31 5 -295 -74 62 65
piece 91 184 361 102 72 -51 -62 0
piece 99 0 326 206 274 -17 -255 0
piece 44 173 208 26 32 30 -19 0
piece 44 145 192 26 40 -22 -67 3
piece 69 64 109 20 26 33 -54 0
piece 99 216 36 184 292 -20 -533 0
piece 116 0 108 248 108 -26 -52 0
piece 121 9 11 384 532 77 -397 0
frame 268 5 -27 -117 31 5 -105 -97 298 49
piece 69 116 188 30 46 14 -84 0
piece 117 103 292 100 90 -50 -82 0
piece 44 288 194 56 42 0 -56 0
piece 130 214 3 186 292 -14 -251 0
piece 126 9 10 376 444 68 -343 0
frame 269 10 -27 -117 31 5 -295 -114 295 97
piece 151 218 16 182 484 5 -451 0
piece 151 9 114 150 262 -141 -350 0
piece 117 1 269 102 52 -49 -33 0
piece 69 171 248 38 20 7 -38 0
piece 44 285 320 44 48 19 -12 0
piece 121 9 11 384 532 -207 -433 0
piece 121 9 11 384 532 70 -430 0
piece 103 11 3 388 468 -90 -340 0
piece 121 9 11 384 532 137 -327 0
piece 121 9 11 384 532 -293 -332 0
frame 270 3 -28 -96 31 6 0 0 0 0
piece 154 104 1 52 48 -27 -122 0
piece 155 232 0 68 126 -33 -111 0
piece 156 179 2 84 46 -35 -94 0
frame 271 3 -27 -117 31 5 0 0 0 0
piece 154 156 1 46 46 -22 -121 0
piece 155 0 110 68 124 -32 -110 0
piece 156 266 1 84 44 -34 -91 0
clip idle 1 13 0:0.0667 1:0.0667 2:0.0667 3:0.0667 4:0.0667 5:0.0667 6:0.0667 7:0.0667 8:0.0667 9:0.0667 10:0.0667 11:0.0667 12:0.0667
clip walk 1 16 13:0.0333 14:0.0333 15:0.0333 16:0.0333 17:0.0333 18:0.0333 19:0.0333 20:0.0333 21:0.0333 22:0.0333 23:0.0333 24:0.0333 25:0.0333 26:0.0333 27:0.0333 28:0.0333
clip run 1 16 13:0.0333 14:0.0333 15:0.0333 16:0.0333 17:0.0333 18:0.0333 19:0.0333 20:0.0333 21:0.0333 22:0.0333 23:0.0333 24:0.0333 25:0.0333 26:0.0333 27:0.0333 28:0.0333
clip dash 0 12 29:0.0667 30:0.0667 31:0.0333 32:0.0667 33:0.0667 34:0.0333 35:0.0333 36:0.0333 37:0.0667 38:0.0333 39:0.0333 40:0.0333
clipsound dash 0 sound70
clip hit 0 6 41:0.0667 42:0.0667 43:0.1000 44:0.0667 45:0.0667 46:0.0667
clipsound hit 0 sound36
clip hit_high 0 6 41:0.0667 42:0.0667 43:0.1000 44:0.0667 45:0.0667 46:0.0667
clipsound hit_high 0 sound36
clip hit_low 0 6 41:0.0667 42:0.0667 43:0.1000 44:0.0667 45:0.0667 46:0.0667
clipsound hit_low 0 sound36
clip recovery 0 6 41:0.0667 42:0.0667 43:0.1000 44:0.0667 45:0.0667 46:0.0667
clipsound recovery 0 sound36
clip airborne 0 6 41:0.1000 42:0.1000 43:0.1000 44:0.1000 45:0.1000 46:0.1000
clip air 0 6 41:0.1000 42:0.1000 43:0.1000 44:0.1000 45:0.1000 46:0.1000
clip knockdown 0 8 47:0.0667 48:0.0667 49:0.0667 50:0.0667 51:0.0667 52:0.0667 53:0.0667 54:0.0667
clip getup 0 12 54:0.1000 55:0.0667 56:0.0667 57:0.0667 58:0.0667 59:0.0667 60:0.0667 61:0.0667 62:0.0667 63:0.0667 64:0.0667 65:0.0667
clip defeat 0 18 66:0.1000 47:0.1000 48:0.1000 49:0.1000 50:0.1000 51:0.1000 52:0.1000 53:0.1000 54:0.6667 66:0.0333 47:0.0333 48:0.0333 49:0.0333 50:0.0333 51:0.0333 52:0.0333 53:0.0333 54:0.0333
clipsound defeat 0 sound34
clip block 1 1 0:0.0333
clip victory 1 12 67:0.0667 68:0.0667 69:0.0667 70:0.0667 71:0.0667 72:0.0667 73:0.0667 74:0.0667 75:0.0667 76:0.0667 77:0.0667 78:0.0667
clip punch1 0 11 79:0.0333 80:0.0333 81:0.1000 82:0.0333 83:0.1000 84:0.0667 85:0.0667 86:0.0333 87:0.0333 88:0.0333 89:0.0333
clipsound punch1 4 sound73
clipsound punch1 4 sound73
clip punch2 0 5 90:0.0333 91:0.0333 92:0.0333 93:0.0333 94:0.1000
clip punch3 0 11 95:0.0333 96:0.1000 97:0.0667 98:0.0667 99:0.0667 100:0.0333 101:0.0333 102:0.0333 103:0.0333 104:0.0333 105:0.0333
clipsound punch3 1 sound74
clipsound punch3 1 sound74
clip kick 0 16 106:0.0333 107:0.0333 108:0.1000 109:0.0333 110:0.0667 111:0.1000 112:0.0667 113:0.0667 114:0.0667 115:0.0667 116:0.0333 117:0.0333 118:0.0667 119:0.0667 120:0.0667 121:0.0667
clipsound kick 4 sound64
clipsound kick 4 sound64
clip atk1 0 11 79:0.0333 80:0.0333 81:0.1000 82:0.0333 83:0.1000 84:0.0667 85:0.0667 86:0.0333 87:0.0333 88:0.0333 89:0.0333
clipsound atk1 4 sound73
clipsound atk1 4 sound73
clip atk2 0 5 90:0.0333 91:0.0333 92:0.0333 93:0.0333 94:0.1000
clip atk3 0 11 95:0.0333 96:0.1000 97:0.0667 98:0.0667 99:0.0667 100:0.0333 101:0.0333 102:0.0333 103:0.0333 104:0.0333 105:0.0333
clipsound atk3 1 sound74
clipsound atk3 1 sound74
clip atk4 0 16 106:0.0333 107:0.0333 108:0.1000 109:0.0333 110:0.0667 111:0.1000 112:0.0667 113:0.0667 114:0.0667 115:0.0667 116:0.0333 117:0.0333 118:0.0667 119:0.0667 120:0.0667 121:0.0667
clipsound atk4 4 sound64
clipsound atk4 4 sound64
clip dash_attack 0 11 95:0.0333 96:0.1000 97:0.0667 98:0.0667 99:0.0667 100:0.0333 101:0.0333 102:0.0333 103:0.0333 104:0.0333 105:0.0333
clipsound dash_attack 1 sound74
clipsound dash_attack 1 sound74
clip finisher 0 16 106:0.0333 107:0.0333 108:0.1000 109:0.0333 110:0.0667 111:0.1000 112:0.0667 113:0.0667 114:0.0667 115:0.0667 116:0.0333 117:0.0333 118:0.0667 119:0.0667 120:0.0667 121:0.0667
clipsound finisher 4 sound64
clipsound finisher 4 sound64
clip ab0 0 22 122:0.0667 123:0.0667 124:0.0667 125:0.0667 126:0.0667 127:0.0667 128:0.0667 129:0.0667 130:0.0667 131:0.0667 132:0.0667 133:0.1000 134:0.0333 135:0.0333 136:0.0333 137:0.0333 138:0.0333 139:0.0333 140:0.0667 141:0.0667 142:0.0667 143:0.0333
clipsound ab0 5 sound65
clipsound ab0 7 sound38
clip ab1 0 46 144:0.0667 145:0.0667 146:0.0667 147:0.0667 148:0.0667 149:0.0667 150:0.0667 151:0.0667 152:0.0667 153:0.1333 154:0.0667 155:0.0667 156:0.0667 157:0.1333 158:0.0667 159:0.0667 160:0.0667 161:0.1333 162:0.0667 151:0.0667 163:0.1333 152:0.0667 164:0.0667 165:0.0667 166:0.0667 167:0.1333 158:0.0667 168:0.0667 169:0.1333 170:0.0667 171:0.0667 172:0.1000 173:0.1000 174:0.0667 175:0.0667 176:0.0667 177:0.0667 178:0.1667 179:0.1333 180:0.1000 181:0.0667 182:0.0667 183:0.0667 184:0.0667 185:0.0667 186:0.0667
clipsound ab1 0 sound65
clipsound ab1 44 sound64
clipsound ab1 42 sound64
clipsound ab1 38 sound64
clipsound ab1 30 sound64
clipsound ab1 26 sound64
clipsound ab1 22 sound64
clipsound ab1 18 sound64
clipsound ab1 26 sound38
clip ab2 0 75 187:0.0667 188:0.0667 189:0.0667 190:0.0667 191:0.0667 192:0.0667 193:0.0667 194:0.0667 195:0.0667 196:0.0667 197:0.0667 198:0.0667 199:0.0667 200:0.0667 201:0.0667 202:0.0667 203:0.0667 204:0.0667 205:0.1333 206:0.0667 207:0.0667 208:0.0667 209:0.0667 210:0.0667 211:0.0667 212:0.0667 213:0.1333 214:0.0667 215:0.0667 216:0.0667 217:0.0667 218:0.1333 219:0.0667 220:0.0667 221:0.0667 222:0.1333 223:0.0667 224:0.0667 225:0.0667 226:0.0667 227:0.0667 228:0.1333 229:0.0667 230:0.0667 231:0.0667 232:0.1333 233:0.0667 234:0.0667 235:0.0667 236:0.0667 237:0.0667 238:0.0667 239:0.0667 240:0.0667 241:0.0667 242:0.0667 243:0.0667 244:0.0667 245:0.1333 246:0.0333 247:0.0333 248:0.0333 249:0.1000 250:0.1667 251:0.1000 252:0.0667 253:0.0667 254:0.0667 255:0.0667 256:0.0333 257:0.0667 258:0.0667 259:0.0667 260:0.0667 261:0.0667
clipsound ab2 0 sound37
clipsound ab2 53 sound65
clipsound ab2 67 sound38
clipsound ab2 59 sound38
clipsound ab2 45 sound38
clipsound ab2 39 sound38
clipsound ab2 34 sound38
clipsound ab2 28 sound38
clipsound ab2 21 sound38
clip ab3 0 10 131:0.0667 132:0.1000 133:0.1667 134:0.1000 135:0.0667 136:0.0667 137:0.0667 138:0.0667 139:0.0667 140:0.0667
clipsound ab3 0 sound65
clip ab4 0 67 191:0.0667 192:0.0667 193:0.0667 194:0.0667 195:0.0667 196:0.0667 197:0.0667 198:0.0667 199:0.0667 200:0.0667 201:0.0667 202:0.0667 203:0.0667 204:0.0667 262:0.1333 206:0.0667 207:0.0667 208:0.0667 209:0.0667 210:0.0667 211:0.0667 212:0.0667 263:0.1333 214:0.0667 215:0.0667 216:0.0667 217:0.0667 264:0.1333 265:0.0667 219:0.0667 220:0.0667 221:0.0667 266:0.1333 223:0.0667 224:0.0667 225:0.0667 226:0.0667 227:0.0667 267:0.1333 229:0.0667 230:0.0667 231:0.0667 268:0.1333 233:0.0667 234:0.0667 235:0.0667 236:0.0667 237:0.0667 238:0.0667 239:0.0667 240:0.0667 241:0.0667 242:0.0667 243:0.0667 244:0.0667 245:0.1333 246:0.0333 247:0.0333 248:0.0333 249:0.1000 269:0.1667 251:0.1000 252:0.0667 253:0.0667 254:0.0667 255:0.0667 256:0.0333
clipsound ab4 0 sound37
clip energy 0 22 122:0.0667 123:0.0667 124:0.0667 125:0.0667 126:0.0667 127:0.0667 128:0.0667 129:0.0667 130:0.0667 131:0.0667 132:0.0667 133:0.1000 134:0.0333 135:0.0333 136:0.0333 137:0.0333 138:0.0333 139:0.0333 140:0.0667 141:0.0667 142:0.0667 143:0.0333
clipsound energy 5 sound65
clipsound energy 7 sound38
clip special 0 46 144:0.0667 145:0.0667 146:0.0667 147:0.0667 148:0.0667 149:0.0667 150:0.0667 151:0.0667 152:0.0667 153:0.1333 154:0.0667 155:0.0667 156:0.0667 157:0.1333 158:0.0667 159:0.0667 160:0.0667 161:0.1333 162:0.0667 151:0.0667 163:0.1333 152:0.0667 164:0.0667 165:0.0667 166:0.0667 167:0.1333 158:0.0667 168:0.0667 169:0.1333 170:0.0667 171:0.0667 172:0.1000 173:0.1000 174:0.0667 175:0.0667 176:0.0667 177:0.0667 178:0.1667 179:0.1333 180:0.1000 181:0.0667 182:0.0667 183:0.0667 184:0.0667 185:0.0667 186:0.0667
clipsound special 0 sound65
clipsound special 44 sound64
clipsound special 42 sound64
clipsound special 38 sound64
clipsound special 30 sound64
clipsound special 26 sound64
clipsound special 22 sound64
clipsound special 18 sound64
clipsound special 26 sound38
clip super 0 75 187:0.0667 188:0.0667 189:0.0667 190:0.0667 191:0.0667 192:0.0667 193:0.0667 194:0.0667 195:0.0667 196:0.0667 197:0.0667 198:0.0667 199:0.0667 200:0.0667 201:0.0667 202:0.0667 203:0.0667 204:0.0667 205:0.1333 206:0.0667 207:0.0667 208:0.0667 209:0.0667 210:0.0667 211:0.0667 212:0.0667 213:0.1333 214:0.0667 215:0.0667 216:0.0667 217:0.0667 218:0.1333 219:0.0667 220:0.0667 221:0.0667 222:0.1333 223:0.0667 224:0.0667 225:0.0667 226:0.0667 227:0.0667 228:0.1333 229:0.0667 230:0.0667 231:0.0667 232:0.1333 233:0.0667 234:0.0667 235:0.0667 236:0.0667 237:0.0667 238:0.0667 239:0.0667 240:0.0667 241:0.0667 242:0.0667 243:0.0667 244:0.0667 245:0.1333 246:0.0333 247:0.0333 248:0.0333 249:0.1000 250:0.1667 251:0.1000 252:0.0667 253:0.0667 254:0.0667 255:0.0667 256:0.0333 257:0.0667 258:0.0667 259:0.0667 260:0.0667 261:0.0667
clipsound super 0 sound37
clipsound super 53 sound65
clipsound super 67 sound38
clipsound super 59 sound38
clipsound super 45 sound38
clipsound super 39 sound38
clipsound super 34 sound38
clipsound super 28 sound38
clipsound super 21 sound38
clip rage_attack 0 75 187:0.0667 188:0.0667 189:0.0667 190:0.0667 191:0.0667 192:0.0667 193:0.0667 194:0.0667 195:0.0667 196:0.0667 197:0.0667 198:0.0667 199:0.0667 200:0.0667 201:0.0667 202:0.0667 203:0.0667 204:0.0667 205:0.1333 206:0.0667 207:0.0667 208:0.0667 209:0.0667 210:0.0667 211:0.0667 212:0.0667 213:0.1333 214:0.0667 215:0.0667 216:0.0667 217:0.0667 218:0.1333 219:0.0667 220:0.0667 221:0.0667 222:0.1333 223:0.0667 224:0.0667 225:0.0667 226:0.0667 227:0.0667 228:0.1333 229:0.0667 230:0.0667 231:0.0667 232:0.1333 233:0.0667 234:0.0667 235:0.0667 236:0.0667 237:0.0667 238:0.0667 239:0.0667 240:0.0667 241:0.0667 242:0.0667 243:0.0667 244:0.0667 245:0.1333 246:0.0333 247:0.0333 248:0.0333 249:0.1000 250:0.1667 251:0.1000 252:0.0667 253:0.0667 254:0.0667 255:0.0667 256:0.0333 257:0.0667 258:0.0667 259:0.0667 260:0.0667 261:0.0667
clipsound rage_attack 0 sound37
clipsound rage_attack 53 sound65
clipsound rage_attack 67 sound38
clipsound rage_attack 59 sound38
clipsound rage_attack 45 sound38
clipsound rage_attack 39 sound38
clipsound rage_attack 34 sound38
clipsound rage_attack 28 sound38
clipsound rage_attack 21 sound38
clip jump 0 9 270:0.0333 270:0.0333 270:0.0333 270:0.0333 270:0.0333 270:0.0333 270:0.0333 270:0.0333 271:0.1000
clipsound jump 0 sound70
ability ab0 HABILIDAD A
ability ab1 HABILIDAD B
ability ab2 HABILIDAD C
ability ab3 COMBO DE HABILIDAD 1
ability ab4 COMBO DE HABILIDAD 2
sound hurt sound36
sound die sound34
sound dash sound70
