# BETA: GUERRERO (ESPADAS DEL CAOS) (generado por tools/beta/build_beta_characters.py)
character kratos_espadas hero 160
name GUERRERO (ESPADAS DEL CAOS)
image 0 160
image 1 40
image 2 162
image 3 164
image 4 0
image 5 6
image 6 223
image 7 220
image 8 232
image 9 224
image 10 43
image 11 44
image 12 45
image 13 46
image 14 161
image 15 165
image 16 200
image 17 202
image 18 203
image 19 210
image 20 206
image 21 207
image 22 204
image 23 211
image 24 205
image 25 201
image 26 208
image 27 212
image 28 213
image 29 198
image 30 199
image 31 209
image 32 245
image 33 248
image 34 250
image 35 249
image 36 247
image 37 252
image 38 261
image 39 246
image 40 254
image 41 253
image 42 690
image 43 255
image 44 251
image 45 691
image 46 256
image 47 257
image 48 692
image 49 258
image 50 693
image 51 259
image 52 260
image 53 625
image 54 441
image 55 443
image 56 445
image 57 450
image 58 447
image 59 451
image 60 446
image 61 452
image 62 444
image 63 448
image 64 453
image 65 449
image 66 454
image 67 442
image 68 509
image 69 506
image 70 507
image 71 510
image 72 508
image 73 379
image 74 395
image 75 382
image 76 383
image 77 384
image 78 385
image 79 386
image 80 387
image 81 133
image 82 388
image 83 553
image 84 535
image 85 554
image 86 536
image 87 113
image 88 555
image 89 537
image 90 556
image 91 538
image 92 557
image 93 539
image 94 114
image 95 558
image 96 540
image 97 559
image 98 541
image 99 533
image 100 380
image 101 542
image 102 543
image 103 115
image 104 544
image 105 545
image 106 546
image 107 547
image 108 116
image 109 548
image 110 549
image 111 550
image 112 37
image 113 117
image 114 118
image 115 551
image 116 560
image 117 139
image 118 561
image 119 552
image 120 119
image 121 562
image 122 567
image 123 381
image 124 120
image 125 563
image 126 564
image 127 579
image 128 565
image 129 580
image 130 121
image 131 566
image 132 137
image 133 122
image 134 138
image 135 38
image 136 132
image 137 262
image 138 272
image 139 225
frame 0 2 -27 -117 31 5 0 0 0 0
piece 0 0 0 76 103 -37 -93 0
piece 1 0 0 106 70 -33 -84 0
frame 1 2 -27 -117 31 5 0 0 0 0
piece 0 76 0 80 103 -39 -93 0
piece 1 106 0 96 70 -28 -79 0
frame 2 2 -27 -117 31 5 0 0 0 0
piece 0 156 0 78 103 -37 -93 0
piece 1 202 0 106 66 -30 -85 0
frame 3 2 -27 -117 31 5 0 0 0 0
piece 0 234 0 80 101 -37 -92 0
piece 1 0 70 106 70 -33 -87 0
frame 4 2 -27 -117 31 5 0 0 0 0
piece 0 0 103 82 102 -37 -93 0
piece 1 106 70 104 70 -31 -80 0
frame 5 2 -27 -117 31 5 0 0 0 0
piece 0 82 103 80 102 -38 -91 0
piece 1 210 66 106 70 -31 -80 0
frame 6 2 -27 -117 31 5 0 0 0 0
piece 0 162 103 80 100 -39 -90 0
piece 1 0 140 106 66 -29 -75 0
frame 7 2 -27 -117 31 5 0 0 0 0
piece 0 242 103 80 98 -39 -88 0
piece 1 106 140 106 66 -29 -72 0
frame 8 2 -27 -117 31 5 0 0 0 0
piece 0 0 205 78 98 -37 -89 0
piece 1 212 136 106 70 -29 -81 0
frame 9 2 -27 -117 31 5 0 0 0 0
piece 0 78 205 78 98 -38 -88 0
piece 1 0 209 106 70 -23 -78 0
frame 10 2 -27 -117 31 5 0 0 0 0
piece 0 156 203 76 100 -38 -90 0
piece 1 106 206 106 70 -23 -82 0
frame 11 2 -27 -117 31 5 0 0 0 0
piece 0 232 201 78 102 -38 -93 0
piece 1 212 206 106 70 -26 -83 0
frame 12 3 -27 -117 31 5 0 0 0 0
piece 0 310 202 42 102 -38 -86 0
piece 0 315 0 36 99 4 -91 0
piece 1 0 279 106 60 -20 -80 0
frame 13 2 -27 -117 31 5 0 0 0 0
piece 2 0 0 98 104 -58 -101 0
piece 3 0 0 38 32 -12 -102 0
frame 14 2 -27 -117 31 5 0 0 0 0
piece 2 98 0 90 105 -56 -101 0
piece 3 38 0 34 32 -9 -102 0
frame 15 2 -27 -117 31 5 0 0 0 0
piece 2 188 0 86 105 -52 -101 0
piece 3 72 0 34 32 -12 -105 0
frame 16 2 -27 -117 31 5 0 0 0 0
piece 2 275 0 76 104 -43 -104 0
piece 3 106 0 34 38 -10 -109 0
frame 17 2 -27 -117 31 5 0 0 0 0
piece 2 0 106 88 100 -42 -102 0
piece 3 141 1 34 34 -6 -111 0
frame 18 2 -27 -117 31 5 0 0 0 0
piece 2 88 106 92 102 -43 -104 0
piece 3 176 1 24 36 12 -112 0
frame 19 2 -27 -117 31 5 0 0 0 0
piece 2 180 105 100 99 -51 -104 0
piece 3 201 1 26 44 11 -110 0
frame 20 3 -27 -117 31 5 0 0 0 0
piece 2 281 104 88 102 -59 -104 0
piece 2 351 62 18 40 28 -105 0
piece 3 228 1 26 46 10 -110 0
frame 21 2 -27 -117 31 5 0 0 0 0
piece 2 0 207 100 106 -59 -102 0
piece 3 254 1 22 28 9 -108 0
frame 22 2 -27 -117 31 5 0 0 0 0
piece 2 102 208 90 106 -53 -101 0
piece 3 1 33 24 36 9 -108 0
frame 23 2 -27 -117 31 5 0 0 0 0
piece 2 191 204 76 110 -43 -103 0
piece 3 26 33 34 40 -12 -105 0
frame 24 2 -27 -117 31 5 0 0 0 0
piece 2 268 205 66 110 -31 -105 0
piece 3 60 33 34 38 -10 -106 0
frame 25 2 -27 -117 31 5 0 0 0 0
piece 2 1 313 86 106 -46 -103 0
piece 3 94 38 36 38 -11 -109 0
frame 26 2 -27 -117 31 5 0 0 0 0
piece 2 87 314 94 106 -49 -104 0
piece 3 130 35 38 40 -8 -109 0
frame 27 2 -27 -117 31 5 0 0 0 0
piece 2 180 314 102 106 -57 -104 0
piece 3 168 45 42 38 -12 -110 0
frame 28 3 -27 -117 31 5 0 0 0 0
piece 2 283 315 86 104 -54 -101 0
piece 2 336 208 22 108 19 -104 0
piece 3 238 36 38 38 -10 -107 0
frame 29 3 -27 -117 31 5 0 0 0 0
piece 4 0 0 86 90 -50 -79 0
piece 5 0 1 44 34 -32 -59 0
piece 5 52 0 24 32 19 -59 0
frame 30 2 -27 -117 31 5 0 0 0 0
piece 4 87 0 122 72 -61 -70 0
piece 5 78 0 36 42 47 -61 0
frame 31 2 -27 -117 31 5 0 0 0 0
piece 4 209 0 110 72 -65 -75 0
piece 5 116 0 28 40 39 -38 0
frame 32 3 -27 -117 31 5 0 0 0 0
piece 4 0 92 78 88 -62 -86 0
piece 4 78 120 12 42 16 -58 0
piece 5 145 0 32 32 8 -24 0
frame 33 2 -27 -117 31 5 0 0 0 0
piece 4 90 72 74 84 -48 -84 0
piece 5 177 0 40 20 -13 -16 0
frame 34 2 -27 -117 31 5 0 0 0 0
piece 4 164 70 68 88 -42 -80 0
piece 5 216 23 46 20 -21 -8 0
frame 35 3 -27 -117 31 5 0 0 0 0
piece 4 234 70 86 82 -39 -82 0
piece 5 281 0 40 38 -25 -48 0
piece 5 261 6 20 32 -45 -44 0
frame 36 3 -27 -117 31 5 0 0 0 0
piece 4 320 69 80 60 -36 -60 0
piece 5 328 1 28 26 -5 -78 0
piece 5 360 0 36 38 -11 -38 0
frame 37 3 -27 -117 31 5 0 0 0 0
piece 4 0 180 80 60 -38 -59 0
piece 5 0 44 38 32 -29 -30 0
piece 5 39 44 24 26 18 -70 0
frame 38 3 -27 -117 31 5 0 0 0 0
piece 4 80 162 92 74 -48 -72 0
piece 5 67 44 36 32 -55 -60 0
piece 5 109 45 20 32 35 -60 0
frame 39 3 -27 -117 31 5 0 0 0 0
piece 4 172 164 86 86 -40 -85 0
piece 5 135 44 40 30 -41 -59 0
piece 5 176 45 26 36 36 -73 0
frame 40 3 -27 -117 31 5 0 0 0 0
piece 4 259 156 76 96 -33 -93 0
piece 5 202 45 38 36 -34 -66 0
piece 5 246 43 28 36 36 -74 0
frame 41 3 -27 -117 31 5 0 0 0 0
piece 6 0 0 74 108 -37 -109 0
piece 7 38 2 38 44 16 -100 0
piece 7 0 0 38 38 -12 -81 0
frame 42 3 -27 -117 31 5 0 0 0 0
piece 6 0 0 74 108 -37 -112 0
piece 7 38 2 38 44 16 -103 0
piece 7 0 0 38 38 -12 -83 0
frame 43 3 -27 -147 31 -5 0 0 0 0
piece 6 74 1 96 126 -42 -129 0
piece 7 40 46 34 44 8 -137 0
piece 7 0 47 38 42 -32 -120 0
frame 44 4 -27 -137 31 -5 0 0 0 0
piece 6 173 2 63 124 -45 -127 0
piece 6 199 135 37 86 15 -112 0
piece 7 116 46 36 44 -44 -105 0
piece 7 38 2 38 44 21 -125 0
frame 45 3 -27 -137 31 5 0 0 0 0
piece 6 1 116 96 122 -45 -121 0
piece 7 76 1 36 42 35 -119 0
piece 7 114 3 56 28 -46 -99 0
frame 46 3 -27 -117 31 5 0 0 0 0
piece 6 97 127 98 120 -46 -110 0
piece 7 163 46 50 38 32 -99 0
piece 7 170 3 50 32 -46 -89 0
frame 47 2 -27 -117 31 5 0 0 0 0
piece 8 62 6 46 52 -39 -111 0
piece 9 76 0 58 112 -27 -107 0
frame 48 2 -27 -117 31 5 0 0 0 0
piece 8 128 0 40 58 -44 -99 0
piece 9 134 0 84 100 -36 -94 0
frame 49 3 -27 -117 31 5 0 0 0 0
piece 8 176 0 48 58 -60 -62 0
piece 9 218 0 102 62 -48 -60 0
piece 9 284 123 10 18 53 -18 0
frame 50 3 -27 -117 31 5 0 0 0 0
piece 8 3 65 56 40 -62 -30 0
piece 9 218 64 102 38 -69 -28 0
piece 9 280 150 38 24 32 -21 0
frame 51 2 -27 -117 31 5 0 0 0 0
piece 8 60 68 54 38 -63 -27 0
piece 9 0 114 136 36 -66 -28 0
frame 52 2 -27 -117 31 5 0 0 0 0
piece 8 60 68 54 38 -63 -27 0
piece 9 137 114 137 36 -67 -28 0
frame 53 2 -27 -117 31 5 0 0 0 0
piece 8 60 68 54 38 -63 -27 0
piece 9 137 150 136 36 -67 -26 0
frame 54 2 -27 -117 31 5 0 0 0 0
piece 8 60 68 54 38 -63 -27 0
piece 9 0 150 136 36 -67 -27 0
frame 55 3 -8 -16 8 0 0 0 0 0
piece 8 175 66 52 42 -69 -28 0
piece 10 0 0 156 68 -84 -47 0
piece 11 0 0 208 256 -103 -221 0
frame 56 4 -8 -16 8 0 0 0 0 0
piece 10 156 0 98 90 -48 -78 0
piece 11 224 256 176 76 -94 -34 0
piece 11 208 0 192 256 -110 -290 0
piece 11 0 256 18 286 82 -270 0
frame 57 2 -8 -16 8 0 0 0 0 0
piece 10 254 0 106 98 -49 -87 0
piece 11 18 261 214 338 -112 -282 0
frame 58 4 -8 -16 8 0 0 0 0 0
piece 10 0 68 104 120 -47 -90 0
piece 11 234 332 166 268 -111 -273 0
piece 12 0 47 52 262 55 -262 0
piece 12 0 4 182 38 -94 -6 0
frame 59 3 -8 -16 8 0 0 0 0 0
piece 10 104 90 98 128 -47 -98 0
piece 12 214 0 186 68 -99 -41 0
piece 12 51 67 228 248 -115 -284 0
frame 60 4 -8 -16 8 0 0 0 0 0
piece 10 202 98 92 120 -42 -100 0
piece 1 0 0 106 70 -33 -84 0
piece 12 278 67 122 316 -113 -289 0
piece 12 0 316 116 284 7 -256 0
frame 61 3 -8 -16 8 0 0 0 0 0
piece 10 202 98 92 120 -42 -100 0
piece 1 0 0 106 70 -33 -84 0
piece 13 0 0 224 316 -110 -288 0
frame 62 3 -8 -16 8 0 0 0 0 0
piece 10 202 98 92 120 -42 -100 0
piece 1 0 0 106 70 -33 -84 0
piece 12 118 378 218 222 -115 -195 0
frame 63 4 -8 -16 8 0 0 0 0 0
piece 10 294 98 102 121 -46 -99 0
piece 1 0 0 106 70 -33 -84 0
piece 13 242 0 158 200 -88 -180 0
piece 13 225 172 34 144 70 -172 0
frame 64 3 -8 -16 8 0 0 0 0 0
piece 10 294 98 102 121 -46 -99 0
piece 1 0 0 106 70 -33 -84 0
piece 13 0 317 206 174 -105 -146 0
frame 65 3 -8 -16 8 0 0 0 0 0
piece 0 0 0 76 103 -37 -93 0
piece 1 0 0 106 70 -33 -84 0
piece 13 214 328 186 154 -74 -154 0
frame 66 2 -27 -117 31 5 0 0 0 0
piece 8 0 0 56 54 -24 -126 0
piece 9 0 0 76 114 -36 -110 0
frame 67 2 -27 -140 31 10 0 0 0 0
piece 14 3 0 51 132 -23 -122 0
piece 15 0 0 20 20 -18 -117 0
frame 68 2 -27 -140 31 10 0 0 0 0
piece 14 54 0 52 132 -23 -122 0
piece 15 21 0 20 20 -19 -118 0
frame 69 2 -27 -140 31 10 0 0 0 0
piece 14 106 0 53 133 -24 -124 0
piece 15 40 0 18 20 -19 -121 0
frame 70 2 -27 -140 31 10 0 0 0 0
piece 14 159 0 54 134 -24 -122 0
piece 15 58 0 20 20 -20 -122 0
frame 71 2 -27 -140 31 10 0 0 0 0
piece 14 213 0 52 133 -23 -124 0
piece 15 77 0 20 20 -21 -122 0
frame 72 2 -27 -140 31 10 0 0 0 0
piece 14 265 0 51 133 -22 -124 0
piece 15 98 0 18 20 -19 -121 0
frame 73 2 -27 -140 31 10 0 0 0 0
piece 14 3 132 52 133 -24 -120 0
piece 15 116 0 18 20 -18 -120 0
frame 74 2 -27 -140 31 10 0 0 0 0
piece 14 55 132 52 133 -23 -120 0
piece 15 134 0 18 20 -20 -119 0
frame 75 2 -27 -140 31 10 0 0 0 0
piece 14 107 133 48 132 -23 -119 0
piece 15 152 0 18 20 -21 -118 0
frame 76 2 -27 -140 31 10 0 0 0 0
piece 14 155 133 46 132 -21 -119 0
piece 15 170 0 18 20 -20 -117 0
frame 77 2 -27 -140 31 10 0 0 0 0
piece 14 201 134 48 131 -23 -118 0
piece 15 188 0 18 20 -19 -119 0
frame 78 2 -27 -140 31 10 0 0 0 0
piece 14 250 134 54 131 -21 -118 0
piece 15 206 0 18 20 -20 -121 0
frame 79 2 -27 -117 31 5 0 0 0 0
piece 16 0 1 72 96 -44 -81 0
piece 17 0 0 42 40 -11 -58 0
frame 80 5 -27 -117 31 5 0 0 0 0
piece 16 72 0 102 90 -51 -79 0
piece 18 0 0 70 39 43 -81 0
piece 19 0 0 114 48 8 -93 0
piece 17 83 0 34 38 79 -84 0
piece 17 43 3 40 26 -24 -66 0
frame 81 5 -27 -117 31 5 -43 -117 298 27
piece 16 175 0 112 88 -45 -76 0
piece 18 70 0 240 34 60 -61 0
piece 19 114 0 194 56 108 -95 0
piece 17 114 0 34 36 -40 -95 0
piece 17 147 0 60 38 245 -62 0
frame 82 7 -27 -117 31 5 0 0 0 0
piece 16 287 0 80 88 -33 -76 0
piece 16 367 2 28 44 47 -74 0
piece 18 0 40 248 36 69 -46 0
piece 19 310 2 90 72 226 -85 0
piece 19 313 73 86 30 142 -88 0
piece 17 209 1 22 34 -30 -86 0
piece 17 232 1 54 36 268 -43 0
frame 83 5 -27 -117 31 5 0 0 0 0
piece 16 0 97 88 96 -26 -81 0
piece 19 0 48 168 60 65 -63 0
piece 19 168 56 70 48 233 -55 0
piece 17 0 37 42 20 -27 -62 0
piece 17 42 36 48 22 56 -48 0
frame 84 4 -27 -117 31 5 0 0 0 0
piece 16 88 89 72 98 -25 -85 0
piece 19 2 108 147 58 37 -72 0
piece 17 94 34 34 34 -22 -68 0
piece 17 130 33 34 30 34 -66 0
frame 85 3 -27 -117 31 5 0 0 0 0
piece 16 160 88 64 102 -25 -86 0
piece 17 167 34 32 34 -18 -76 0
piece 17 201 34 30 34 24 -76 0
frame 86 3 -27 -117 31 5 0 0 0 0
piece 16 224 88 56 112 -23 -95 0
piece 17 237 33 32 20 -29 -63 0
piece 17 3 58 22 30 21 -81 0
frame 87 6 -27 -117 31 5 0 0 0 0
piece 16 280 88 90 82 -42 -75 0
piece 18 261 36 138 28 34 -69 0
piece 17 65 69 68 16 202 -59 0
piece 18 310 10 90 22 170 -61 0
piece 20 0 0 320 80 -38 -77 0
piece 17 27 60 36 24 -35 -73 0
frame 88 7 -27 -117 31 5 -43 -117 298 27
piece 16 0 194 88 86 -39 -76 0
piece 18 1 75 152 38 36 -67 0
piece 20 0 124 88 38 47 -30 0
piece 17 164 70 56 34 158 -79 0
piece 20 0 83 88 41 -38 -52 0
piece 20 91 80 152 86 134 -83 0
piece 17 132 63 30 32 -24 -80 0
frame 89 7 -27 -117 31 5 0 0 0 0
piece 20 243 80 156 32 79 -57 0
piece 20 365 55 34 31 -34 -46 0
piece 20 320 0 80 54 -1 -63 0
piece 16 88 192 72 84 -41 -70 0
piece 18 152 75 32 30 -34 -52 0
piece 17 220 67 30 30 -31 -85 0
piece 17 251 57 44 18 -33 -51 0
frame 90 6 -27 -117 31 5 0 0 0 0
piece 20 0 166 196 50 -152 -51 0
piece 16 161 200 72 82 -39 -72 0
piece 18 183 78 138 30 -141 -44 0
piece 20 196 166 66 24 44 -51 0
piece 17 252 77 46 20 -144 -38 0
piece 17 3 88 34 22 -34 -80 0
frame 91 4 -27 -117 31 5 0 0 0 0
piece 17 75 87 38 22 -23 -52 0
piece 16 233 200 60 86 -30 -81 0
piece 20 244 112 156 42 -154 -49 0
piece 17 38 86 40 24 -49 -71 0
frame 92 4 -27 -117 31 5 0 0 0 0
piece 17 158 105 28 24 4 -56 0
piece 20 262 154 138 36 -111 -59 0
piece 16 293 169 68 90 -35 -85 0
piece 17 116 95 38 24 -59 -61 0
frame 93 7 -27 -117 31 5 0 0 0 0
piece 16 0 280 60 120 -33 -116 0
piece 18 0 113 154 60 -15 -168 0
piece 18 153 107 44 88 119 -116 0
piece 20 101 215 78 68 84 -67 0
piece 20 0 216 102 36 -17 -24 0
piece 17 231 98 22 46 140 -70 0
piece 17 201 103 24 30 12 -94 0
frame 94 8 -27 -117 31 5 -43 -117 298 27
piece 16 60 280 68 110 -43 -105 0
piece 18 197 150 60 80 -46 -180 0
piece 18 200 114 122 34 -3 -213 0
piece 18 322 65 78 116 118 -205 0
piece 17 1 111 24 50 170 -126 0
piece 20 177 190 66 94 127 -166 0
piece 20 247 190 136 52 48 -72 0
piece 17 256 96 24 32 11 -97 0
frame 95 9 -27 -117 31 5 0 0 0 0
piece 16 128 283 94 106 -51 -100 0
piece 18 7 215 106 60 -147 -135 0
piece 18 155 195 42 98 -163 -232 0
piece 17 29 111 50 38 -26 -259 0
piece 18 0 176 152 38 -135 -266 0
piece 20 298 244 102 64 -13 -270 0
piece 20 248 244 50 38 -63 -270 0
piece 20 306 313 94 80 89 -257 0
piece 17 77 112 30 24 29 -78 0
frame 96 10 -27 -117 31 5 0 0 0 0
piece 16 222 287 80 100 -45 -90 0
piece 18 308 186 92 62 -130 -57 0
piece 18 308 248 92 74 -222 -65 0
piece 17 112 123 26 61 -267 -159 0
piece 18 256 149 52 98 -270 -141 0
piece 20 0 256 78 190 -268 -240 0
piece 20 81 300 98 66 -194 -267 0
piece 20 81 366 50 50 -194 -201 0
piece 20 197 295 90 30 -96 -274 0
piece 17 137 130 28 34 24 -86 0
frame 97 9 -27 -117 31 5 0 0 0 0
piece 16 302 261 70 92 -27 -93 0
piece 18 236 271 72 58 -83 -38 0
piece 17 168 134 46 44 -228 -32 0
piece 18 200 240 106 31 -179 4 0
piece 20 4 526 94 74 -262 -26 0
piece 16 376 323 12 16 -37 -12 0
piece 20 0 446 138 80 -169 -22 0
piece 20 139 353 86 204 -278 -220 0
piece 17 201 34 30 34 30 -104 0
frame 98 10 -27 -117 31 5 0 0 0 0
piece 17 244 163 26 20 7 -90 0
piece 16 0 400 44 104 -21 -96 0
piece 18 0 316 88 64 -72 -45 0
piece 17 256 129 36 14 -184 27 0
piece 17 243 148 32 16 -150 24 0
piece 18 2 278 102 38 -172 2 0
piece 20 226 404 174 98 -178 -35 0
piece 20 230 516 86 84 -263 -37 0
piece 20 344 502 38 98 -301 -98 0
piece 20 253 333 18 58 -301 -156 0
frame 99 7 -27 -117 31 5 0 0 0 0
piece 19 167 115 112 92 -155 -52 0
piece 19 284 109 112 112 -44 -89 0
piece 16 44 400 80 106 -28 -97 0
piece 17 217 209 54 16 -82 6 0
piece 18 92 298 124 98 -68 -80 0
piece 21 0 1 214 74 -250 -25 0
piece 21 220 3 92 102 -36 -61 0
frame 100 10 -27 -117 31 5 -44 -118 249 32
piece 16 124 389 90 112 -42 -103 0
piece 18 226 329 174 128 -20 -176 0
piece 18 201 388 26 42 -44 -118 0
piece 17 40 176 38 42 103 -72 0
piece 21 312 0 85 105 70 -172 0
piece 21 0 77 118 82 33 -67 0
piece 17 3 172 32 34 71 -107 0
piece 21 108 112 138 50 -105 -19 0
piece 19 0 166 126 156 -12 -124 0
piece 19 127 206 130 78 -139 -23 0
frame 101 11 -27 -117 31 5 0 0 0 0
piece 16 214 389 44 128 -19 -119 0
piece 17 81 182 20 50 113 -139 0
piece 18 0 396 160 120 -32 -184 0
piece 21 247 105 102 66 37 -190 0
piece 21 345 117 55 54 78 -125 0
piece 17 101 185 28 18 46 -146 0
piece 17 106 204 18 24 71 -144 0
piece 21 344 172 56 56 77 -72 0
piece 21 259 175 81 55 -2 -52 0
piece 19 294 219 106 176 0 -152 0
piece 19 322 384 78 68 -77 -37 0
frame 102 11 -27 -117 31 5 0 0 0 0
piece 16 257 387 66 114 -47 -103 0
piece 17 131 198 14 32 -1 -254 0
piece 18 161 453 100 120 -93 -153 0
piece 17 136 167 26 26 -26 -263 0
piece 18 260 458 132 110 -104 -255 0
piece 21 0 163 115 79 -99 -275 0
piece 21 10 242 96 106 16 -267 0
piece 17 164 180 50 24 -9 -164 0
piece 21 0 348 52 106 60 -162 0
piece 19 130 285 154 130 -49 -174 0
piece 19 120 420 172 82 -96 -45 0
frame 103 14 -27 -117 31 5 0 0 0 0
piece 16 323 356 72 116 -43 -102 0
piece 18 2 516 136 57 -114 -45 0
piece 22 36 64 84 54 -123 -109 0
piece 22 0 2 36 142 -156 -226 0
piece 17 217 180 50 24 -120 -17 0
piece 22 38 3 62 55 -120 -255 0
piece 19 5 368 116 143 -185 -126 0
piece 19 0 528 76 72 -70 -53 0
piece 19 22 314 98 54 -168 -180 0
piece 17 164 180 50 24 -91 -261 0
piece 19 87 548 64 24 -70 -179 0
piece 21 118 171 132 86 -142 -270 0
piece 21 124 257 64 96 -11 -264 0
piece 21 190 254 58 136 51 -240 0
frame 104 16 -27 -117 31 5 0 0 0 0
piece 16 1 506 64 94 -21 -103 0
piece 16 379 48 14 20 -19 -9 0
piece 16 373 70 14 14 8 -9 0
piece 22 212 1 130 46 -118 -82 0
piece 22 165 1 46 44 -145 -123 0
piece 22 122 0 38 100 -152 -223 0
piece 22 340 0 60 84 -6 -78 0
piece 22 341 86 58 28 -61 -2 0
piece 19 186 510 214 90 -165 -60 0
piece 23 0 38 72 78 -170 -136 0
piece 17 268 162 36 44 -141 -230 0
piece 23 0 1 112 38 -135 -172 0
piece 21 252 227 148 95 -152 -244 0
piece 21 260 327 94 86 -4 -230 0
piece 17 44 239 32 20 -37 3 0
piece 17 40 219 30 16 -64 3 0
frame 105 13 -27 -117 31 5 0 0 0 0
piece 16 68 508 46 92 -21 -125 0
piece 16 122 501 56 46 -31 -35 0
piece 22 200 47 124 146 -12 -143 0
piece 22 92 118 108 76 -120 -72 0
piece 17 1 207 38 54 -132 -85 0
piece 21 82 350 158 118 -124 -119 0
piece 21 0 457 62 98 -157 -215 0
piece 21 0 558 118 40 -128 -254 0
piece 17 217 209 54 16 -14 -12 0
piece 21 52 348 30 106 -154 -121 0
piece 23 324 19 74 124 49 -126 0
piece 23 138 2 185 104 -134 -82 0
piece 23 96 11 42 122 -169 -134 0
frame 106 12 -27 -117 31 5 -44 -118 249 32
piece 16 180 516 76 84 -35 -120 0
piece 16 120 552 56 48 -34 -36 0
piece 22 56 126 36 88 -37 -200 0
piece 22 0 226 92 38 -7 -219 0
piece 22 4 271 80 80 82 -208 0
piece 17 81 232 42 30 22 -49 0
piece 22 0 143 48 80 26 -98 0
piece 21 249 414 151 113 -77 -115 0
piece 21 355 367 42 34 -117 -67 0
piece 23 0 137 136 186 37 -224 0
piece 23 0 337 154 54 -43 -38 0
piece 17 126 234 20 56 146 -160 0
frame 107 11 -27 -117 31 5 0 0 0 0
piece 16 258 502 68 98 -33 -107 0
piece 16 377 95 16 14 -12 -9 0
piece 22 333 114 64 60 -4 -121 0
piece 22 297 209 48 56 -77 -146 0
piece 17 186 233 18 44 41 -88 0
piece 22 225 193 72 142 -105 -270 0
piece 21 112 470 86 78 -17 -97 0
piece 17 147 233 40 42 -2 -252 0
piece 21 126 551 71 29 -80 -43 0
piece 23 138 107 185 96 -112 -278 0
piece 23 335 143 64 178 73 -249 0
frame 108 12 -27 -117 31 5 0 0 0 0
piece 16 332 480 60 116 -30 -101 0
piece 24 323 376 50 72 -169 -216 0
piece 24 110 427 78 74 -172 -286 0
piece 21 232 524 58 76 -8 -108 0
piece 17 2 263 40 58 -168 -279 0
piece 21 294 542 87 39 -78 -43 0
piece 23 137 203 193 105 -165 -294 0
piece 17 274 206 30 40 14 -106 0
piece 23 159 299 72 86 28 -271 0
piece 23 236 310 30 100 100 -219 0
piece 24 0 430 102 64 -69 -112 0
piece 24 310 450 78 50 -140 -144 0
frame 109 11 -27 -117 31 5 0 0 0 0
piece 25 0 1 60 110 -32 -103 0
piece 22 1 353 36 126 -212 -234 0
piece 26 5 0 74 66 -19 -142 0
piece 26 83 0 74 64 -22 -87 0
piece 22 96 313 120 62 -117 -108 0
piece 17 268 162 36 44 -195 -268 0
piece 22 37 363 68 66 -179 -131 0
piece 23 268 327 132 120 -214 -298 0
piece 23 0 392 149 87 -82 -298 0
piece 23 153 394 48 69 67 -254 0
piece 17 44 263 40 34 -23 -120 0
frame 110 10 -27 -117 31 5 0 0 0 0
piece 22 296 272 104 62 -94 -87 0
piece 22 296 338 104 46 -196 -77 0
piece 25 60 2 68 108 -35 -96 0
piece 26 164 1 46 30 -14 -123 0
piece 17 85 264 36 56 -289 -179 0
piece 22 216 342 76 88 -271 -148 0
piece 23 102 509 122 78 -286 -268 0
piece 23 0 481 90 116 -293 -191 0
piece 23 236 449 136 32 -165 -279 0
piece 17 44 302 24 42 -36 -125 0
frame 111 8 -27 -117 31 5 0 0 0 0
piece 17 119 297 24 30 -31 -87 0
piece 25 128 0 68 108 -40 -98 0
piece 26 226 0 82 66 -32 -117 0
piece 22 107 422 88 36 -68 -63 0
piece 17 147 277 40 36 -208 -85 0
piece 22 116 381 95 36 -158 -59 0
piece 23 225 482 172 118 -211 -138 0
piece 27 2 0 64 196 -273 -252 0
frame 112 7 -27 -117 31 5 0 0 0 0
piece 25 196 0 58 124 -33 -110 0
piece 22 294 392 106 96 -96 -111 0
piece 26 314 1 86 38 -36 -135 0
piece 17 218 332 54 30 -131 -47 0
piece 26 366 39 34 46 47 -114 0
piece 27 137 0 224 96 -223 -95 0
piece 27 66 0 70 132 -291 -167 0
frame 113 6 -27 -117 31 5 0 0 0 0
piece 27 205 84 192 130 -195 -138 0
piece 25 254 0 96 114 -43 -100 0
piece 22 1 480 98 94 -97 -142 0
piece 27 97 139 108 74 -303 -83 0
piece 17 273 276 36 28 -68 -71 0
piece 17 271 245 34 28 -99 -68 0
frame 114 9 -27 -117 31 5 0 0 0 0
piece 25 0 112 110 94 -57 -81 0
piece 22 98 457 182 66 -272 -108 0
piece 17 0 323 38 19 -228 -129 0
piece 17 8 345 30 18 -190 -126 0
piece 17 76 334 66 20 -240 -40 0
piece 22 280 487 36 34 -91 -78 0
piece 26 0 64 290 68 -274 -147 0
piece 27 0 197 260 94 -299 -71 0
piece 27 315 214 84 92 -48 -95 0
frame 115 7 -27 -117 31 5 0 0 0 0
piece 25 110 112 80 100 -43 -89 0
piece 22 352 481 44 46 -293 -85 0
piece 17 147 317 70 44 -323 -90 0
piece 27 0 293 260 82 -323 -89 0
piece 22 110 522 288 78 -251 -100 0
piece 26 0 133 174 106 -313 -131 0
piece 26 174 129 104 56 -139 -134 0
frame 116 10 -27 -117 31 5 0 0 0 0
piece 25 190 126 94 94 -48 -83 0
piece 24 232 0 40 96 7 -89 0
piece 24 0 0 232 39 -222 -117 0
piece 24 0 44 212 32 -195 -6 0
piece 17 218 332 54 30 -206 -20 0
piece 26 284 91 116 146 -300 -124 0
piece 26 178 224 114 60 -184 -23 0
piece 17 222 296 52 34 -186 -103 0
piece 26 178 194 38 24 -184 -124 0
piece 27 0 378 188 86 -284 -120 0
frame 117 14 -27 -117 31 5 0 0 0 0
piece 25 288 114 68 82 -29 -81 0
piece 25 287 200 24 32 -52 -22 0
piece 24 273 0 126 129 22 -124 0
piece 24 277 130 116 22 -89 -125 0
piece 24 375 158 18 6 12 -49 0
piece 24 339 164 60 32 -32 -15 0
piece 17 281 364 26 16 -51 3 0
piece 17 274 346 27 16 -77 6 0
piece 17 280 328 29 16 -95 -117 0
piece 17 275 305 28 22 -123 -118 0
piece 26 183 290 188 54 -128 -17 0
piece 26 0 240 178 120 -305 -82 0
piece 27 266 309 134 74 -122 -141 0
piece 27 188 384 212 91 -333 -142 0
frame 118 7 -27 -117 31 5 -44 -118 229 32
piece 25 0 208 110 68 -58 -57 0
piece 24 0 79 160 102 -2 -108 0
piece 17 111 366 52 20 -50 -11 0
piece 17 53 356 56 18 -19 -106 0
piece 26 293 234 104 60 0 -40 0
piece 26 2 349 272 70 -267 -43 0
piece 27 0 476 384 84 -281 -151 0
frame 119 9 -27 -117 31 5 0 0 0 0
piece 24 128 185 62 22 0 -31 0
piece 24 0 186 128 48 -64 -92 0
piece 24 161 99 112 86 61 -91 0
piece 26 0 416 144 120 14 -100 0
piece 28 276 3 100 126 93 -124 0
piece 29 0 0 261 227 28 -179 0
piece 25 0 208 110 68 -58 -57 0
piece 28 0 0 274 134 -179 -152 0
piece 26 0 536 140 64 -125 -31 0
frame 120 9 -27 -117 31 5 0 0 0 0
piece 24 155 262 116 80 107 -41 0
piece 24 129 209 262 52 -124 -90 0
piece 24 0 235 130 72 -17 -35 0
piece 26 144 424 134 116 17 -94 0
piece 28 244 129 154 140 76 -107 0
piece 29 0 229 261 172 50 -158 0
piece 25 0 208 110 68 -58 -57 0
piece 26 140 540 138 60 -120 -32 0
piece 28 190 130 54 36 22 -107 0
frame 121 10 -27 -117 31 5 0 0 0 0
piece 29 0 403 261 113 57 -126 0
piece 25 0 208 110 68 -58 -57 0
piece 24 4 307 152 72 -175 -107 0
piece 24 276 296 124 70 -56 -39 0
piece 24 272 261 128 34 53 4 0
piece 26 278 424 122 176 45 -171 0
piece 26 276 349 124 82 -78 -151 0
piece 28 136 171 108 104 115 -67 0
piece 28 1 136 134 72 -11 -102 0
piece 28 137 145 66 26 120 -92 0
frame 122 11 -27 -117 31 5 0 0 0 0
piece 30 0 0 194 120 84 -128 0
piece 25 110 214 76 74 -40 -79 0
piece 25 313 200 24 18 -45 -9 0
piece 25 320 221 20 12 4 -8 0
piece 24 7 379 190 50 -157 -95 0
piece 24 202 365 116 80 -103 -50 0
piece 31 2 2 86 112 -165 -151 0
piece 31 90 0 106 56 -79 -153 0
piece 31 88 57 108 60 25 -136 0
piece 28 3 268 172 104 -120 -47 0
piece 28 4 372 174 44 51 13 0
frame 123 7 -27 -117 31 5 0 0 0 0
piece 30 0 244 238 126 65 -131 0
piece 25 205 220 53 62 -29 -97 0
piece 25 280 234 74 48 -44 -35 0
piece 31 203 2 196 90 -171 -132 0
piece 28 187 268 140 156 -98 -100 0
piece 17 216 247 22 22 14 -96 0
piece 17 243 251 22 20 14 -76 0
frame 124 3 -27 -117 31 5 0 0 0 0
piece 32 78 0 62 92 -25 -97 0
piece 32 105 92 24 18 2 -5 0
piece 33 0 0 34 54 21 -111 0
frame 125 2 -27 -117 31 5 0 0 0 0
piece 32 140 0 60 114 -25 -102 0
piece 33 36 0 48 60 7 -108 0
frame 126 4 -27 -117 31 5 0 0 0 0
piece 32 200 0 46 116 -24 -108 0
piece 32 246 36 12 14 22 -72 0
piece 33 86 2 48 34 -26 -98 0
piece 33 137 0 28 50 24 -102 0
frame 127 4 -27 -117 31 5 0 0 0 0
piece 32 260 0 54 64 -26 -115 0
piece 32 256 64 76 62 -30 -51 0
piece 33 168 0 50 30 1 -124 0
piece 33 218 4 42 44 -9 -72 0
frame 128 3 -27 -117 31 5 0 0 0 0
piece 32 1 104 88 110 -39 -100 0
piece 33 316 0 40 36 33 -106 0
piece 33 262 0 54 34 -41 -38 0
frame 129 7 -27 -117 31 5 0 0 0 0
piece 32 89 114 98 88 -54 -76 0
piece 33 356 0 44 58 15 -36 0
piece 33 0 54 48 68 -69 -55 0
piece 34 0 0 88 74 37 -54 0
piece 34 88 0 44 66 86 -120 0
piece 35 0 0 126 62 -51 -48 0
piece 35 126 0 32 48 41 -92 0
frame 130 6 -27 -117 31 5 0 0 0 0
piece 32 187 116 70 114 -43 -113 0
piece 36 2 3 32 40 -68 -105 0
piece 33 48 61 48 66 -93 -91 0
piece 33 96 52 46 58 -44 -35 0
piece 34 132 0 114 82 -24 -53 0
piece 35 158 0 146 86 -81 -94 0
frame 131 9 -27 -117 31 5 0 0 0 0
piece 32 257 126 74 122 -34 -161 0
piece 36 36 2 86 36 -63 -189 0
piece 36 123 1 50 56 -73 -70 0
piece 33 143 50 56 64 -86 -183 0
piece 33 143 50 56 64 -92 -54 0
piece 34 246 0 154 102 -77 -80 0
piece 34 383 106 16 58 77 -94 0
piece 35 304 0 80 138 -89 -186 0
piece 35 315 141 80 36 -34 -79 0
frame 132 9 -27 -117 31 5 0 0 0 0
piece 32 0 214 116 110 -55 -192 0
piece 36 176 5 114 50 -144 -197 0
piece 36 0 52 66 132 47 -240 0
piece 33 200 50 56 56 39 -271 0
piece 33 143 50 56 64 -173 -178 0
piece 34 0 74 100 208 -177 -183 0
piece 34 0 282 94 64 -79 -25 0
piece 35 0 62 144 114 -41 -270 0
piece 35 146 86 54 118 -93 -234 0
frame 133 12 -27 -117 31 5 0 0 0 0
piece 32 118 204 84 84 -42 -185 0
piece 32 205 239 48 70 -27 -106 0
piece 36 71 57 114 70 -138 -198 0
piece 36 185 58 62 126 -153 -141 0
piece 36 247 55 46 72 34 -182 0
piece 33 318 58 60 58 16 -211 0
piece 33 149 114 56 52 -117 -43 0
piece 34 100 102 230 158 -148 -155 0
piece 34 338 236 62 102 8 -257 0
piece 35 65 256 98 154 -26 -309 0
piece 35 65 176 80 80 -104 -321 0
piece 35 0 185 65 96 -168 -298 0
frame 134 9 -27 -117 31 5 0 0 0 0
piece 37 1 1 360 236 -123 -125 0
piece 38 8 0 392 238 -125 -188 0
piece 39 133 0 126 82 -57 -68 0
piece 33 40 132 38 36 33 -18 0
piece 33 3 127 34 40 39 -45 0
piece 34 99 260 240 228 -123 -227 0
piece 34 13 356 82 164 8 -145 0
piece 35 166 205 234 204 -108 -168 0
piece 35 200 183 154 22 -74 -190 0
frame 135 7 -27 -117 31 5 -120 -70 282 70
piece 37 1 238 398 244 -155 -123 0
piece 38 10 239 386 356 -121 -301 0
piece 37 378 1 22 186 243 -96 0
piece 39 260 0 70 82 -2 -67 0
piece 39 1 97 58 54 -59 -50 0
piece 33 40 132 38 36 33 -14 0
piece 33 3 127 34 40 39 -41 0
frame 136 9 -27 -117 31 5 0 0 0 0
piece 40 1 1 270 260 17 -135 0
piece 41 212 398 188 132 -170 -136 0
piece 40 272 1 128 128 -110 -4 0
piece 40 338 132 60 114 -170 -4 0
piece 39 62 106 40 36 -60 -32 0
piece 39 102 82 90 70 -20 -56 0
piece 33 40 132 38 36 33 -18 0
piece 33 3 127 34 40 39 -45 0
piece 42 2 98 396 356 -141 -311 0
frame 137 9 -27 -117 31 5 0 0 0 0
piece 43 89 1 310 266 -182 -132 0
piece 43 2 268 162 264 128 -128 0
piece 44 138 82 136 76 -63 -59 0
piece 39 62 106 40 36 -60 -32 0
piece 39 102 82 90 70 -20 -56 0
piece 33 40 132 38 36 33 -18 0
piece 33 3 127 34 40 39 -45 0
piece 45 1 1 270 226 -79 -166 0
piece 42 69 456 256 144 -73 -309 0
frame 138 10 -27 -117 31 5 0 0 0 0
piece 43 166 268 234 272 -186 -132 0
piece 46 1 1 256 272 47 -132 0
piece 44 275 81 124 76 -63 -59 0
piece 44 1 166 12 66 61 -52 0
piece 39 62 106 40 36 -60 -32 0
piece 39 102 82 90 70 -20 -56 0
piece 33 40 132 38 36 33 -18 0
piece 33 3 127 34 40 39 -45 0
piece 45 275 1 124 356 -51 -291 0
piece 45 1 228 98 358 73 -291 0
frame 139 10 -27 -117 31 5 0 0 0 0
piece 47 2 238 83 195 211 -97 0
piece 47 1 1 398 235 -187 -131 0
piece 44 14 166 134 80 -61 -64 0
piece 39 260 0 70 82 -2 -67 0
piece 39 1 97 58 54 -59 -50 0
piece 33 40 132 38 36 33 -18 0
piece 33 3 127 34 40 39 -45 0
piece 48 209 1 142 324 19 -294 0
piece 48 99 332 68 186 -49 -156 0
piece 48 19 332 68 136 -49 -291 0
frame 140 7 -27 -117 31 5 0 0 0 0
piece 49 1 1 96 190 161 -91 0
piece 47 89 238 310 210 -149 -109 0
piece 39 1 152 124 98 -56 -69 0
piece 33 40 132 38 36 33 -17 0
piece 33 3 127 34 40 39 -44 0
piece 48 2 519 172 56 -36 -38 0
piece 48 175 332 194 268 -41 -305 0
frame 141 7 -27 -117 31 5 0 0 0 0
piece 49 3 194 92 186 162 -87 0
piece 49 98 1 302 212 -139 -108 0
piece 44 0 248 26 54 72 -45 0
piece 39 125 157 102 90 -40 -75 0
piece 33 91 119 52 56 30 -46 0
piece 33 149 114 56 52 40 -59 0
piece 50 1 1 186 266 -56 -302 0
frame 142 6 -27 -117 31 5 0 0 0 0
piece 49 99 215 300 212 -141 -106 0
piece 49 3 386 82 170 159 -82 0
piece 39 228 157 80 104 -26 -87 0
piece 33 116 175 62 40 2 -56 0
piece 33 194 186 76 32 4 -26 0
piece 50 194 1 164 270 -34 -301 0
frame 143 9 -27 -117 31 5 0 0 0 0
piece 49 100 428 300 128 -130 -107 0
piece 51 1 0 298 66 -128 20 0
piece 51 300 8 72 80 169 -76 0
piece 51 148 70 72 28 168 28 0
piece 51 219 70 75 27 168 4 0
piece 32 253 248 78 74 -19 -86 0
piece 32 129 289 64 36 -32 -23 0
piece 33 205 111 82 52 4 -58 0
piece 50 2 270 182 212 -54 -309 0
frame 144 5 -27 -117 31 5 0 0 0 0
piece 51 3 289 370 184 -122 -104 0
piece 39 1 2 76 94 -29 -93 0
piece 39 85 42 32 36 -41 -26 0
piece 33 295 113 42 56 -20 -71 0
piece 33 340 116 44 42 32 -65 0
frame 145 3 -27 -117 31 5 0 0 0 0
piece 52 71 1 254 154 -77 -80 0
piece 0 0 205 78 98 -37 -89 0
piece 1 212 136 106 70 -29 -81 0
frame 146 3 -27 -117 31 5 0 0 0 0
piece 53 0 0 71 42 -32 -50 0
piece 54 0 2 62 116 -43 -106 0
piece 55 0 0 24 36 -45 -89 0
frame 147 3 -27 -117 31 5 0 0 0 0
piece 54 62 2 64 124 -44 -113 0
piece 55 24 0 26 32 -64 -114 0
piece 56 0 0 161 80 -79 -99 0
frame 148 4 -27 -117 31 5 0 0 0 0
piece 54 126 1 58 134 -36 -123 0
piece 55 50 0 54 26 -79 -143 0
piece 56 161 0 80 68 -124 -133 0
piece 56 242 9 158 72 -108 -77 0
frame 149 6 -27 -117 31 5 0 0 0 0
piece 54 184 2 54 132 -20 -114 0
piece 55 104 0 62 76 -30 -185 0
piece 55 166 0 14 20 -26 -67 0
piece 56 0 80 120 60 -110 -196 0
piece 56 120 80 130 134 -108 -148 0
piece 57 0 0 104 66 -34 -52 0
frame 150 8 -27 -117 31 5 0 0 0 0
piece 57 0 74 154 72 -77 -45 0
piece 57 216 2 84 86 74 -74 0
piece 57 104 3 112 66 -85 -109 0
piece 55 181 1 36 18 -43 -94 0
piece 55 217 0 42 98 42 -187 0
piece 56 250 81 150 120 -61 -249 0
piece 56 1 141 72 192 -132 -228 0
piece 54 239 1 78 118 -33 -101 0
frame 151 10 -27 -117 31 5 -81 -162 177 27
piece 57 0 146 156 98 -102 -79 0
piece 54 317 1 80 104 -34 -87 0
piece 55 259 0 64 98 -30 -166 0
piece 55 323 0 76 66 26 -49 0
piece 57 306 132 58 98 52 -70 0
piece 57 310 16 64 114 110 -125 0
piece 56 139 294 152 76 30 -56 0
piece 56 0 333 138 122 52 -169 0
piece 56 73 214 252 80 -101 -232 0
piece 57 156 88 136 108 -107 -182 0
frame 152 11 -27 -117 31 5 0 0 0 0
piece 54 0 118 50 114 -23 -95 0
piece 55 2 40 90 52 -83 -62 0
piece 55 132 99 104 112 18 -125 0
piece 56 325 201 74 140 -90 -75 0
piece 56 145 370 128 132 -19 -60 0
piece 56 280 341 108 178 90 -130 0
piece 56 149 503 78 38 111 -166 0
piece 56 0 457 112 64 47 -230 0
piece 57 256 238 136 88 16 -173 0
piece 57 0 244 240 84 -96 -251 0
piece 57 268 326 132 160 -101 -175 0
frame 153 11 -27 -117 31 5 0 0 0 0
piece 54 50 126 72 112 -39 -96 0
piece 55 237 98 98 60 -42 -52 0
piece 55 0 92 104 34 -112 -152 0
piece 55 104 101 28 74 -8 -143 0
piece 57 0 328 74 190 -121 -226 0
piece 58 0 0 212 88 -208 -165 0
piece 58 0 88 122 164 -211 -87 0
piece 58 212 0 188 95 -137 -8 0
piece 57 74 328 194 110 -47 -87 0
piece 57 73 447 140 80 9 -153 0
piece 57 226 486 174 72 -48 -225 0
frame 154 11 -27 -117 31 5 0 0 0 0
piece 54 122 135 100 116 -55 -102 0
piece 55 0 126 104 84 -152 -114 0
piece 55 132 99 104 112 17 -114 0
piece 59 297 0 102 156 18 -202 0
piece 60 134 162 120 84 24 -146 0
piece 60 152 66 248 96 -116 -235 0
piece 59 198 0 100 146 5 -76 0
piece 60 275 162 120 84 17 -83 0
piece 60 110 109 42 58 -158 -191 0
piece 59 0 0 76 158 -161 -115 0
piece 59 82 0 110 138 -97 -76 0
frame 155 12 -27 -117 31 5 -174 -193 212 26
piece 54 222 134 90 122 -38 -110 0
piece 55 106 234 38 74 13 -174 0
piece 55 0 210 136 24 -93 -198 0
piece 55 144 211 74 68 -10 -41 0
piece 59 164 146 64 72 -10 -212 0
piece 60 2 327 164 92 -15 -57 0
piece 60 0 420 134 138 28 -182 0
piece 60 0 246 118 82 -154 -228 0
piece 59 232 155 168 58 -107 -30 0
piece 59 0 157 164 82 -174 -201 0
piece 59 0 239 98 150 -177 -129 0
piece 60 132 246 172 58 -38 -234 0
frame 156 13 -27 -117 31 5 0 0 0 0
piece 54 312 105 78 108 -29 -90 0
piece 55 303 255 82 48 37 -83 0
piece 55 358 211 38 44 92 -127 0
piece 55 303 210 44 22 -43 -87 0
piece 55 219 210 84 74 -127 -87 0
piece 60 168 324 128 146 -133 -75 0
piece 60 316 450 76 112 -10 -52 0
piece 60 308 251 92 198 52 -152 0
piece 60 150 475 166 80 -33 -229 0
piece 59 164 331 142 120 17 -169 0
piece 59 182 218 218 82 -67 -243 0
piece 59 8 389 66 80 -108 -247 0
piece 59 97 243 66 210 -173 -221 0
frame 157 10 -27 -117 31 5 0 0 0 0
piece 59 288 504 106 96 -18 -105 0
piece 54 0 232 62 106 -31 -92 0
piece 55 110 315 34 104 12 -166 0
piece 55 2 308 108 26 -96 -173 0
piece 58 0 0 212 88 -182 -186 0
piece 58 0 88 122 164 -185 -108 0
piece 58 212 0 188 95 -111 -30 0
piece 59 306 298 94 206 59 -218 0
piece 59 100 454 164 146 -100 -253 0
piece 59 3 469 80 100 -172 -246 0
frame 158 8 -27 -117 31 5 0 0 0 0
piece 55 210 284 92 98 2 -141 0
piece 55 144 285 66 40 -77 -78 0
piece 61 209 0 158 126 -86 -78 0
piece 61 130 0 72 178 65 -143 0
piece 61 2 0 128 82 -10 -223 0
piece 54 62 238 52 114 -29 -101 0
piece 58 122 95 270 156 -128 -249 0
piece 58 0 252 82 190 -206 -213 0
frame 159 12 -27 -117 31 5 -129 -177 204 33
piece 55 324 327 42 70 -17 -177 0
piece 55 310 311 74 16 -86 -179 0
piece 55 0 334 110 58 -57 -77 0
piece 61 328 133 72 214 34 -198 0
piece 61 134 178 182 90 -135 -51 0
piece 58 82 323 190 96 -51 -101 0
piece 58 272 323 128 88 14 -173 0
piece 58 82 251 280 72 -152 -232 0
piece 61 0 170 134 86 -152 -191 0
piece 54 188 309 20 66 23 -55 0
piece 61 191 269 127 72 -155 -121 0
piece 54 114 251 74 120 -51 -113 0
frame 160 15 -27 -117 31 5 0 0 0 0
piece 58 86 522 114 72 -57 -34 0
piece 58 204 493 108 94 -51 -118 0
piece 58 320 423 80 176 54 -163 0
piece 58 82 419 212 74 -88 -230 0
piece 54 208 256 82 126 -38 -121 0
piece 54 269 382 22 6 23 5 0
piece 62 32 66 60 30 36 -70 0
piece 62 92 0 28 96 96 -136 0
piece 62 32 0 60 24 -87 -138 0
piece 62 0 0 32 82 -119 -138 0
piece 58 0 442 82 158 -122 -142 0
piece 61 218 362 104 150 24 -189 0
piece 61 1 256 127 84 -60 -267 0
piece 61 128 270 62 70 67 -253 0
piece 61 322 347 78 210 -121 -257 0
frame 161 10 -27 -117 31 5 0 0 0 0
piece 63 0 88 204 78 -132 -45 0
piece 54 290 245 84 134 -38 -120 0
piece 62 120 0 96 80 -63 -195 0
piece 62 222 1 88 48 10 -63 0
piece 63 0 0 180 88 -150 -202 0
piece 63 180 0 150 90 -153 -133 0
piece 63 337 0 62 206 69 -189 0
piece 61 1 440 134 118 12 -135 0
piece 61 136 440 88 118 53 -251 0
piece 61 0 341 206 98 -148 -261 0
frame 162 11 -27 -117 31 5 0 0 0 0
piece 54 0 343 84 98 -34 -89 0
piece 62 56 100 44 30 -48 -108 0
piece 62 0 100 56 52 -104 -108 0
piece 62 100 80 96 66 43 -116 0
piece 64 2 87 96 166 44 -124 0
piece 64 135 0 88 126 44 -244 0
piece 63 0 255 152 134 11 -181 0
piece 63 5 166 218 84 -59 -259 0
piece 63 232 90 88 210 -147 -255 0
piece 64 0 0 134 82 -121 -118 0
piece 64 224 0 176 102 -113 -51 0
frame 163 9 -27 -117 31 5 -110 -177 230 51
piece 54 317 1 80 104 -34 -87 0
piece 55 259 0 64 98 -30 -166 0
piece 55 323 0 76 66 26 -49 0
piece 64 270 101 130 206 5 -156 0
piece 56 139 294 152 76 30 -56 0
piece 56 0 333 138 122 52 -169 0
piece 56 73 214 252 80 -101 -232 0
piece 64 98 127 150 102 -118 -177 0
piece 64 0 253 138 128 -125 -79 0
frame 164 11 -27 -117 31 5 0 0 0 0
piece 54 0 118 50 114 -23 -95 0
piece 55 2 40 90 52 -83 -62 0
piece 55 132 99 104 112 18 -125 0
piece 56 325 201 74 140 -90 -75 0
piece 56 145 370 128 132 -19 -60 0
piece 56 280 341 108 178 90 -130 0
piece 56 149 503 78 38 110 -166 0
piece 56 0 457 112 64 45 -230 0
piece 57 256 238 136 88 16 -173 0
piece 57 0 244 240 84 -96 -251 0
piece 57 268 326 132 160 -101 -175 0
frame 165 12 -27 -117 31 5 -176 -193 200 32
piece 54 222 134 90 122 -38 -110 0
piece 55 106 234 38 74 13 -174 0
piece 55 0 210 136 24 -93 -198 0
piece 55 144 211 74 68 -10 -41 0
piece 59 164 146 64 72 -10 -212 0
piece 60 2 327 164 92 -17 -56 0
piece 60 0 420 134 138 26 -181 0
piece 60 0 246 118 82 -156 -227 0
piece 59 232 155 168 58 -107 -30 0
piece 59 0 157 164 82 -174 -201 0
piece 59 0 239 98 150 -177 -129 0
piece 60 132 246 172 58 -40 -233 0
frame 166 13 -27 -117 31 5 0 0 0 0
piece 54 312 105 78 108 -29 -90 0
piece 55 303 255 82 48 37 -83 0
piece 55 358 211 38 44 92 -127 0
piece 55 303 210 44 22 -43 -87 0
piece 55 219 210 84 74 -127 -87 0
piece 60 168 324 128 146 -133 -75 0
piece 60 316 450 76 112 -10 -52 0
piece 60 308 251 92 198 52 -152 0
piece 60 150 475 166 80 -33 -229 0
piece 59 164 331 142 120 17 -169 0
piece 59 182 218 218 82 -67 -243 0
piece 59 8 389 66 80 -108 -247 0
piece 59 97 243 66 210 -173 -222 0
frame 167 10 -27 -117 31 5 0 0 0 0
piece 59 288 504 106 96 -18 -105 0
piece 54 0 232 62 106 -31 -92 0
piece 55 110 315 34 104 12 -166 0
piece 55 2 308 108 26 -96 -173 0
piece 58 0 0 212 88 -182 -186 0
piece 58 0 88 122 164 -185 -108 0
piece 58 212 0 188 95 -111 -30 0
piece 59 306 298 94 206 59 -221 0
piece 59 100 454 164 146 -100 -256 0
piece 59 3 469 80 100 -172 -249 0
frame 168 11 -27 -117 31 5 0 0 0 0
piece 54 0 343 84 98 -34 -89 0
piece 62 56 100 44 30 -48 -108 0
piece 62 0 100 56 52 -104 -108 0
piece 62 100 80 96 66 43 -116 0
piece 64 2 87 96 166 44 -124 0
piece 64 135 0 88 126 44 -244 0
piece 63 0 255 152 134 11 -181 0
piece 63 5 166 218 84 -59 -259 0
piece 63 232 90 88 210 -147 -256 0
piece 64 0 0 134 82 -121 -118 0
piece 64 224 0 176 102 -113 -51 0
frame 169 10 -27 -117 31 5 0 0 0 0
piece 54 84 374 74 130 -38 -123 0
piece 62 262 78 26 100 -11 -220 0
piece 62 200 81 62 24 -73 -217 0
piece 62 235 56 66 22 6 -56 0
piece 64 0 381 88 148 -154 -240 0
piece 64 88 381 184 78 -75 -246 0
piece 63 152 300 176 86 -151 -226 0
piece 63 320 230 80 98 -162 -142 0
piece 63 0 395 130 76 -145 -44 0
piece 64 138 238 132 144 4 -170 0
frame 170 6 -27 -117 31 5 0 0 0 0
piece 62 0 155 76 70 -21 -77 0
piece 62 76 148 44 108 21 -196 0
piece 63 0 502 108 90 -29 -160 0
piece 54 158 382 70 112 -36 -105 0
piece 63 130 386 206 98 -133 -250 0
piece 64 272 307 128 230 11 -213 0
frame 171 7 -27 -117 31 5 0 0 0 0
piece 62 120 146 84 88 -57 -70 0
piece 63 108 504 156 96 -92 -138 0
piece 54 228 388 110 106 -59 -104 0
piece 63 336 328 64 134 -2 -256 0
piece 63 266 516 124 82 -120 -258 0
piece 64 0 530 160 70 -59 -43 0
piece 64 176 458 86 142 33 -185 0
frame 172 8 -27 -117 31 5 0 0 0 0
piece 65 0 0 150 74 -87 -88 0
piece 54 338 379 62 104 -74 -101 0
piece 54 338 484 62 82 -13 -87 0
piece 62 204 147 42 104 -83 -74 0
piece 65 148 0 76 116 4 -195 0
piece 66 0 0 54 138 -95 -63 0
piece 66 196 84 92 106 -42 -19 0
piece 66 62 0 54 128 50 -79 0
frame 173 6 -27 -117 31 5 0 0 0 0
piece 54 157 504 68 72 -65 -115 0
piece 54 233 503 96 74 -39 -72 0
piece 62 0 256 114 110 -142 -172 0
piece 65 50 74 110 158 -158 -177 0
piece 66 0 132 126 58 -163 -139 0
piece 66 288 66 112 138 -169 -81 0
frame 174 10 -27 -117 31 5 0 0 0 0
piece 67 0 1 94 92 -37 -108 0
piece 62 132 252 114 46 23 -239 0
piece 65 169 116 230 118 -123 -267 0
piece 65 0 226 70 140 -193 -232 0
piece 65 71 233 156 92 -203 -107 0
piece 67 0 93 22 14 -38 -16 0
piece 62 154 298 92 110 45 -193 0
piece 66 184 204 216 134 -137 -236 0
piece 66 1 191 64 144 -198 -202 0
piece 66 69 201 114 116 -199 -59 0
frame 175 6 -27 -117 31 5 0 0 0 0
piece 68 0 0 164 176 84 -107 4
piece 68 0 0 164 176 248 -108 0
piece 69 0 0 172 220 173 -208 0
piece 67 27 121 36 26 -35 -27 0
piece 67 96 0 132 64 -33 -57 0
piece 62 0 406 148 38 89 -52 0
frame 176 7 -27 -117 31 5 0 0 0 0
piece 68 164 0 221 221 247 -143 0
piece 68 164 0 221 221 26 -143 4
piece 69 176 0 259 269 105 -246 0
piece 53 71 0 79 59 212 -32 0
piece 67 234 0 106 58 -11 -53 0
piece 67 0 110 26 22 -36 -26 0
piece 62 154 408 140 32 87 -28 0
frame 177 7 -27 -117 31 5 0 0 0 0
piece 68 0 247 206 235 42 -135 4
piece 68 0 247 206 235 248 -136 0
piece 67 63 96 92 58 1 -51 0
piece 67 27 121 36 26 -35 -26 0
piece 62 155 444 140 26 86 -21 0
piece 69 0 270 255 283 120 -259 0
piece 53 71 0 79 59 207 -30 0
frame 178 7 -27 -117 31 5 0 0 0 0
piece 68 212 257 213 203 34 -116 4
piece 68 212 257 213 203 247 -116 0
piece 67 71 154 64 52 -34 -47 0
piece 67 135 148 68 58 30 -53 0
piece 62 0 366 150 24 83 -18 0
piece 69 255 284 229 316 146 -291 0
piece 53 71 0 79 59 208 -30 0
frame 179 7 -27 -117 31 5 0 0 0 0
piece 68 0 482 202 219 46 -131 4
piece 68 0 482 202 219 248 -131 0
piece 67 71 154 64 52 -34 -45 0
piece 67 135 148 68 58 30 -51 0
piece 62 0 366 150 24 83 -16 0
piece 70 0 0 253 344 137 -310 0
piece 53 71 0 79 59 207 -29 0
frame 180 7 -27 -117 31 5 0 0 0 0
piece 68 206 475 219 226 29 -145 4
piece 68 206 475 219 226 248 -145 0
piece 70 253 0 271 363 129 -335 0
piece 67 71 154 64 52 -34 -46 0
piece 67 135 148 68 58 30 -52 0
piece 62 0 366 150 24 82 -18 0
piece 53 71 0 79 59 207 -31 0
frame 181 7 -27 -117 31 5 0 0 0 0
piece 71 0 0 206 234 42 -148 4
piece 71 0 0 206 234 248 -148 0
piece 62 0 366 150 24 83 -17 0
piece 67 71 154 64 52 -33 -45 0
piece 67 135 148 68 58 31 -51 0
piece 70 0 344 283 388 122 -382 0
piece 53 71 0 79 59 208 -30 0
frame 182 6 -27 -117 31 5 0 0 0 0
piece 67 157 65 96 68 -44 -59 0
piece 62 8 444 110 30 -37 -16 0
piece 71 206 0 210 240 41 -151 4
piece 71 206 0 210 240 245 -151 0
piece 70 283 363 298 369 114 -370 0
piece 53 150 0 99 47 13 -19 0
frame 183 7 -27 -117 31 5 0 0 0 0
piece 67 257 65 62 62 -14 -68 0
piece 67 300 134 34 70 -42 -59 0
piece 71 0 234 206 247 42 -158 4
piece 71 0 234 206 247 248 -158 0
piece 72 0 0 290 385 107 -420 0
piece 53 0 63 61 41 -33 -34 0
piece 53 78 68 43 36 43 -53 0
frame 184 5 -27 -117 31 5 0 0 0 0
piece 67 0 149 64 52 -26 -94 0
piece 67 208 145 78 60 -39 -49 0
piece 71 206 240 210 221 248 -132 0
piece 71 206 240 210 221 38 -132 4
piece 53 142 47 107 57 -24 -67 0
frame 185 3 -27 -117 31 5 0 0 0 0
piece 73 0 0 80 106 -8 -98 0
piece 74 0 0 36 41 7 -66 0
piece 74 37 2 30 36 65 -68 0
frame 186 3 -27 -117 31 5 0 0 0 0
piece 73 80 0 80 106 -9 -104 0
piece 73 80 106 20 12 -9 2 0
piece 74 69 0 38 61 37 -110 0
frame 187 4 -27 -117 31 5 0 0 0 0
piece 73 160 0 70 106 -34 -122 0
piece 73 160 106 50 26 -34 -16 0
piece 74 108 0 28 49 -25 -127 0
piece 74 137 0 46 24 -7 -104 0
frame 188 2 -27 -117 31 5 0 0 0 0
piece 73 230 0 62 100 -41 -91 0
piece 74 183 0 40 51 -29 -93 0
frame 189 3 -27 -117 31 5 0 0 0 0
piece 73 292 0 66 90 -37 -81 0
piece 74 223 3 38 48 -34 -85 0
piece 75 0 0 102 118 -52 -154 0
frame 190 3 -27 -117 31 5 0 0 0 0
piece 73 0 106 54 96 -36 -88 0
piece 74 2 43 34 46 -30 -89 0
piece 75 106 14 110 210 -63 -238 0
frame 191 3 -27 -117 31 5 0 0 0 0
piece 75 216 5 156 252 -79 -275 0
piece 73 53 118 50 106 -33 -98 0
piece 74 36 48 32 46 -28 -97 0
frame 192 4 -27 -117 31 5 0 0 0 0
piece 73 103 106 50 112 -33 -103 0
piece 75 4 223 186 302 -103 -322 0
piece 75 8 525 124 60 83 -239 3
piece 74 77 62 26 46 -31 -103 0
frame 193 4 -27 -117 31 5 0 0 0 0
piece 73 153 132 56 112 -39 -105 0
piece 75 197 249 202 350 -74 -371 0
piece 76 0 1 44 186 -118 -262 0
piece 74 107 56 20 48 -31 -99 0
frame 194 3 -27 -117 31 5 0 0 0 0
piece 73 210 100 72 110 -56 -102 0
piece 76 72 0 326 368 -116 -410 0
piece 74 129 57 12 44 -39 -97 0
frame 195 4 -27 -117 31 5 0 0 0 0
piece 76 34 382 328 218 -121 -457 0
piece 73 282 100 70 110 -50 -103 0
piece 77 14 0 200 186 -106 -239 0
piece 74 143 54 24 46 -31 -96 0
frame 196 5 -27 -117 31 5 0 0 0 0
piece 73 0 214 68 116 -46 -108 0
piece 77 215 12 160 402 41 -539 0
piece 77 8 249 178 248 -136 -463 0
piece 77 268 419 118 156 -72 -218 0
piece 74 169 53 28 44 -34 -101 0
frame 197 3 -27 -117 31 5 0 0 0 0
piece 78 5 8 338 488 -133 -555 0
piece 73 68 224 70 118 -40 -110 0
piece 74 169 53 28 44 -30 -104 0
frame 198 4 -27 -117 31 5 0 0 0 0
piece 79 9 0 332 314 -129 -508 0
piece 79 0 317 84 124 -24 -195 0
piece 73 138 244 76 118 -35 -110 0
piece 74 169 53 28 44 -23 -107 0
frame 199 5 -27 -117 31 5 0 0 0 0
piece 79 80 317 312 283 -129 -560 0
piece 80 67 0 268 96 -65 -277 0
piece 80 0 97 110 98 -37 -182 3
piece 73 214 210 76 122 -34 -115 0
piece 74 199 55 32 44 -22 -105 0
frame 200 5 -27 -117 31 5 0 0 0 0
piece 81 0 285 240 314 -54 -387 0
piece 81 239 326 160 228 -63 -543 1
piece 73 290 210 66 122 -42 -115 0
piece 73 356 251 22 18 24 -74 0
piece 74 199 55 32 44 -20 -102 0
frame 201 4 -27 -117 31 5 0 0 0 0
piece 80 0 288 238 310 -59 -379 0
piece 80 199 122 196 160 -38 -536 0
piece 73 0 330 86 118 -49 -109 0
piece 74 0 89 36 46 -17 -96 0
frame 202 8 -27 -117 31 5 0 0 0 0
piece 82 0 6 206 314 -18 -317 0
piece 73 86 362 98 72 -50 -63 0
piece 74 38 106 24 28 24 -65 0
piece 80 237 288 140 300 12 -617 0
piece 83 9 285 316 284 -202 -173 0
piece 83 0 18 310 262 114 -152 0
piece 73 86 362 98 72 -50 -63 0
piece 84 7 10 388 478 -88 -396 0
frame 203 8 -27 -117 31 5 -234 -97 247 80
piece 73 184 361 102 72 -51 -62 0
piece 82 0 326 206 274 -17 -255 0
piece 74 64 109 20 26 26 -86 0
piece 82 216 36 184 292 -20 -533 0
piece 85 0 6 326 280 112 -156 0
piece 85 0 301 328 290 -215 -141 0
piece 73 184 361 102 72 -51 -62 0
piece 86 11 3 388 468 -84 -373 0
frame 204 8 -27 -117 31 5 0 0 0 0
piece 73 286 332 92 76 -51 -69 0
piece 73 357 87 20 42 38 -56 0
piece 87 0 8 192 228 -6 -190 0
piece 74 90 109 28 22 50 -51 0
piece 82 232 396 168 164 -2 -354 0
piece 88 0 11 328 268 -218 -155 0
piece 88 0 289 324 282 110 -162 0
piece 89 13 27 376 442 -76 -367 0
frame 205 7 -27 -117 31 5 0 0 0 0
piece 87 187 11 212 226 -7 -295 0
piece 87 210 237 162 118 16 -69 0
piece 73 0 448 108 88 -51 -78 0
piece 74 118 104 36 44 8 -86 0
piece 90 0 8 328 274 -219 -157 0
piece 90 0 291 324 280 109 -152 0
piece 91 25 24 360 442 -66 -359 0
frame 206 6 -27 -117 31 5 0 0 0 0
piece 87 0 237 210 362 -10 -278 0
piece 73 108 434 104 102 -50 -85 0
piece 74 157 108 26 20 10 -90 0
piece 92 0 0 328 262 -218 -136 0
piece 92 0 272 322 270 110 -137 0
piece 93 22 22 354 422 -73 -340 0
frame 207 7 -27 -117 31 5 0 0 0 0
piece 73 212 433 96 102 -51 -92 0
piece 74 183 106 34 44 0 -95 0
piece 87 209 354 182 246 -3 -217 0
piece 94 0 0 188 110 29 -316 0
piece 95 0 0 328 262 -215 -138 0
piece 95 0 266 324 266 109 -137 0
piece 96 20 9 358 412 -69 -330 0
frame 208 7 -27 -117 31 5 0 0 0 0
piece 73 308 408 70 104 -50 -96 0
piece 94 204 1 196 374 -33 -349 0
piece 74 231 115 8 10 1 -98 0
piece 73 355 178 20 38 18 -97 0
piece 97 0 0 314 210 109 -139 0
piece 97 0 226 306 248 -185 -143 0
piece 98 48 0 302 388 -53 -346 0
frame 209 6 -27 -117 31 5 0 0 0 0
piece 99 0 0 248 108 -39 -50 0
piece 100 0 0 98 92 -50 -83 0
piece 74 1 135 44 36 -11 -71 0
piece 94 0 111 188 390 -24 -330 0
piece 101 0 0 226 306 -5 -331 0
piece 102 0 4 392 548 73 -421 0
frame 210 6 -27 -117 31 5 0 0 0 0
piece 99 0 108 248 108 -45 -53 0
piece 100 98 0 106 84 -50 -75 0
piece 74 46 137 42 36 0 -60 0
piece 94 188 377 188 222 -14 -188 0
piece 103 0 0 166 178 -12 -360 0
piece 104 9 11 384 532 77 -397 0
frame 211 5 -27 -117 31 5 -107 -97 285 32
piece 99 12 221 226 100 -28 -44 0
piece 100 204 0 100 78 -50 -66 0
piece 74 88 148 44 36 -2 -57 0
piece 103 190 0 174 324 -16 -268 0
piece 105 0 5 398 482 67 -392 0
frame 212 5 -27 -117 31 5 0 0 0 0
piece 99 48 322 164 86 4 -38 0
piece 100 0 92 100 96 -50 -89 0
piece 103 0 178 168 350 -6 -265 0
piece 74 135 148 42 38 -3 -73 0
piece 106 11 7 378 480 78 -378 0
frame 213 6 -27 -117 31 5 0 0 0 0
piece 100 100 84 90 108 -50 -101 0
piece 74 177 154 40 42 -10 -87 0
piece 103 186 324 178 276 -16 -230 0
piece 103 14 530 145 65 5 -294 0
piece 99 50 424 156 80 5 -32 0
piece 107 7 12 384 452 72 -343 0
frame 214 4 -27 -117 31 5 0 0 0 0
piece 108 0 3 200 348 -24 -302 0
piece 100 190 84 76 108 -45 -99 0
piece 74 222 148 40 44 -15 -91 0
piece 109 9 10 376 444 68 -343 0
frame 215 7 -27 -117 31 5 0 0 0 0
piece 100 266 78 102 72 -50 -64 0
piece 82 0 6 206 314 -18 -317 0
piece 80 237 288 140 300 12 -617 0
piece 74 38 106 24 28 25 -64 0
piece 99 0 0 248 108 -35 -50 0
piece 110 42 0 358 448 77 -358 0
piece 102 0 4 392 548 -304 -383 4
frame 216 7 -27 -117 31 5 -105 -81 292 65
piece 82 0 326 206 274 -17 -255 0
piece 82 216 36 184 292 -20 -533 0
piece 73 184 361 102 72 -51 -62 0
piece 74 64 109 20 26 33 -54 0
piece 99 0 108 248 108 -41 -53 0
piece 111 2 0 266 338 165 -316 0
piece 104 9 11 384 532 -297 -361 4
frame 217 7 -27 -117 31 5 0 0 0 0
piece 73 286 332 92 76 -51 -69 0
piece 87 210 237 162 118 16 -69 0
piece 87 187 11 212 226 -7 -295 0
piece 73 357 87 20 42 38 -56 0
piece 74 90 109 28 22 18 -75 0
piece 99 12 221 226 100 -24 -44 0
piece 105 0 5 398 482 -300 -353 4
frame 218 6 -27 -117 31 5 0 0 0 0
piece 87 209 354 182 246 -3 -217 0
piece 94 0 0 188 110 29 -316 0
piece 73 0 448 108 88 -51 -78 0
piece 74 118 104 36 44 5 -84 0
piece 99 48 322 164 86 9 -40 0
piece 106 11 7 378 480 -292 -339 4
frame 219 5 -27 -117 31 5 0 0 0 0
piece 94 204 1 196 374 -33 -349 0
piece 73 212 433 96 102 -51 -92 0
piece 74 157 108 26 20 10 -95 0
piece 99 50 424 156 80 11 -35 0
piece 107 7 12 384 452 -287 -312 4
frame 220 6 -27 -117 31 5 0 0 0 0
piece 100 0 0 98 92 -50 -83 0
piece 112 12 13 134 80 37 -57 0
piece 94 0 111 188 390 -24 -330 0
piece 74 1 135 44 36 -11 -71 0
piece 109 9 10 376 444 -287 -316 4
piece 84 7 10 388 478 -122 -347 0
frame 221 6 -27 -117 31 5 -154 -96 143 49
piece 94 188 377 188 222 -14 -188 0
piece 103 0 0 166 178 -12 -360 0
piece 100 98 0 106 84 -50 -75 0
piece 74 46 137 42 36 0 -60 0
piece 110 42 0 358 448 -275 -324 4
piece 86 11 3 388 468 -119 -327 0
frame 222 5 -27 -117 31 5 0 0 0 0
piece 103 190 0 174 324 -16 -268 0
piece 100 204 0 100 78 -50 -66 0
piece 74 88 148 44 36 -2 -57 0
piece 111 2 0 266 338 -276 -307 4
piece 89 13 27 376 442 -118 -324 0
frame 223 4 -27 -117 31 5 0 0 0 0
piece 103 0 178 168 350 -6 -265 0
piece 100 0 92 100 96 -50 -89 0
piece 74 135 148 42 38 -3 -72 0
piece 91 25 24 360 442 -108 -316 0
frame 224 5 -27 -117 31 5 0 0 0 0
piece 100 100 84 90 108 -50 -101 0
piece 74 177 154 40 42 -10 -87 0
piece 103 186 324 178 276 -16 -230 0
piece 103 14 530 145 65 5 -294 0
piece 93 22 22 354 422 -120 -298 0
frame 225 4 -27 -117 31 5 0 0 0 0
piece 100 190 84 76 108 -45 -99 0
piece 74 0 89 36 46 -14 -95 0
piece 108 0 3 200 348 -24 -302 0
piece 96 20 9 358 412 -125 -306 0
frame 226 7 -27 -117 31 5 0 0 0 0
piece 100 266 78 102 72 -50 -64 0
piece 82 0 6 206 314 -18 -317 0
piece 80 237 288 140 300 12 -617 0
piece 74 38 106 24 28 24 -63 0
piece 99 0 0 248 108 -22 -49 0
piece 96 20 9 358 412 -111 -316 0
piece 102 0 4 392 548 73 -421 0
frame 227 6 -27 -117 31 5 -295 -74 62 65
piece 82 0 326 206 274 -17 -255 0
piece 73 184 361 102 72 -51 -62 0
piece 74 64 109 20 26 33 -54 0
piece 82 216 36 184 292 -20 -533 0
piece 99 0 108 248 108 -26 -52 0
piece 104 9 11 384 532 77 -397 0
frame 228 7 -27 -117 31 5 0 0 0 0
piece 108 202 0 198 268 -3 -335 0
piece 108 214 268 186 118 9 -67 0
piece 100 293 150 88 58 -50 -51 0
piece 74 0 183 36 30 18 -53 0
piece 100 315 6 14 56 38 -47 0
piece 99 12 221 226 100 -9 -42 0
piece 105 0 5 398 482 67 -392 0
frame 229 7 -27 -117 31 5 0 0 0 0
piece 108 7 354 212 246 -12 -183 0
piece 108 220 429 176 92 24 -271 0
piece 100 293 212 88 48 -49 -37 0
piece 100 340 10 14 44 39 -33 0
piece 74 43 181 26 10 25 -40 0
piece 99 48 322 164 86 23 -37 0
piece 106 11 7 378 480 78 -378 0
frame 230 5 -27 -117 31 5 0 0 0 0
piece 100 1 269 102 52 -49 -33 0
piece 113 6 0 190 294 -24 -256 0
piece 74 72 189 40 18 7 -37 0
piece 99 50 424 156 80 26 -31 0
piece 107 7 12 384 452 72 -343 0
frame 231 4 -27 -117 31 5 -105 -97 298 49
piece 74 116 188 30 46 14 -84 0
piece 100 103 292 100 90 -50 -82 0
piece 113 214 3 186 292 -14 -251 0
piece 109 9 10 376 444 68 -343 0
frame 232 4 -27 -117 31 5 0 0 0 0
piece 74 150 192 24 46 -3 -97 0
piece 100 203 283 96 104 -51 -96 0
piece 113 0 308 196 292 -37 -264 0
piece 110 42 0 358 448 77 -358 0
frame 233 5 -27 -117 31 5 0 0 0 0
piece 74 179 196 20 46 -14 -104 0
piece 100 299 260 80 116 -51 -109 0
piece 113 200 300 200 300 -48 -261 0
piece 114 3 210 40 42 -2 -288 0
piece 111 2 0 266 338 165 -316 0
frame 234 5 -27 -117 31 5 0 0 0 0
piece 74 206 197 22 44 -28 -104 0
piece 100 0 321 68 118 -52 -109 0
piece 114 50 0 158 300 -39 -346 0
piece 114 287 7 106 84 26 -47 0
piece 114 301 107 56 194 119 -238 0
frame 235 11 -27 -117 31 5 0 0 0 0
piece 83 0 18 310 262 0 -152 0
piece 83 9 285 316 284 -316 -173 0
piece 114 21 304 198 294 -73 -268 0
piece 114 224 316 160 162 -52 -429 0
piece 74 230 196 10 14 -38 -106 0
piece 100 68 382 66 128 -51 -113 0
piece 115 0 0 330 208 -168 -130 0
piece 116 0 0 195 195 0 -397 4
piece 116 0 0 195 195 -195 -397 0
piece 116 0 0 195 195 1 -202 2
piece 116 0 0 195 195 -194 -202 1
frame 236 12 -27 -117 31 5 0 0 0 0
piece 85 0 6 326 280 -1 -156 0
piece 85 0 301 328 290 -328 -141 0
piece 100 134 382 72 122 -56 -114 0
piece 74 4 231 30 40 -46 -109 0
piece 117 2 0 184 184 -46 -511 0
piece 117 7 194 196 406 -83 -348 0
piece 115 0 210 328 278 -222 -217 0
piece 115 2 488 174 108 104 -155 1
piece 116 0 196 276 279 -276 -203 4
piece 116 0 196 276 279 0 -202 0
piece 116 0 196 276 279 -1 -478 1
piece 116 0 196 276 279 -277 -482 2
frame 237 12 -27 -117 31 5 0 0 0 0
piece 88 0 11 328 268 -328 -155 0
piece 88 0 289 324 282 0 -162 0
piece 117 202 182 198 408 -95 -395 0
piece 100 207 387 80 124 -64 -117 0
piece 117 199 0 200 170 -2 -565 0
piece 74 69 227 26 18 -58 -114 0
piece 118 0 0 332 340 -332 -202 4
piece 118 0 0 332 340 0 -534 1
piece 118 0 0 332 340 -332 -542 2
piece 118 0 0 332 340 0 -202 0
piece 119 0 0 312 386 -219 -279 0
piece 119 0 388 248 126 93 -192 1
frame 238 11 -27 -117 31 5 0 0 0 0
piece 90 0 8 328 274 -328 -157 0
piece 90 0 291 324 280 0 -152 0
piece 120 0 41 214 558 -142 -475 0
piece 100 287 377 90 124 -73 -115 0
piece 120 252 24 40 88 71 -399 0
piece 74 69 227 26 18 -64 -112 0
piece 121 0 0 368 362 0 -201 0
piece 121 0 0 368 362 -368 -201 4
piece 121 0 0 368 362 0 -569 1
piece 121 0 0 368 362 -368 -563 2
piece 122 0 0 400 472 -195 -330 0
frame 239 11 -27 -117 31 5 0 0 0 0
piece 92 0 272 322 270 0 -137 0
piece 92 0 0 328 262 -328 -136 0
piece 123 0 0 94 132 -78 -124 0
piece 120 214 128 176 470 -74 -518 0
piece 124 10 3 52 200 -125 -306 0
piece 74 69 227 26 18 -68 -111 0
piece 125 0 0 376 392 -376 -188 4
piece 125 0 0 376 392 0 -188 0
piece 125 0 0 376 392 0 -564 1
piece 125 0 0 376 392 -376 -580 2
piece 122 0 0 400 472 -194 -386 0
frame 240 10 -27 -117 31 5 0 0 0 0
piece 95 0 0 328 262 -324 -138 0
piece 95 0 266 324 266 0 -137 0
piece 124 192 0 208 410 -121 -464 0
piece 123 94 0 98 134 -82 -127 0
piece 74 69 227 26 18 -68 -109 0
piece 126 0 1 364 398 0 -193 0
piece 126 0 1 364 398 -364 -193 4
piece 126 0 1 364 398 0 -557 1
piece 126 0 1 364 398 -364 -591 2
piece 127 0 0 400 600 -192 -488 0
frame 241 11 -27 -117 31 5 0 0 0 0
piece 124 0 204 198 396 -142 -471 0
piece 123 213 0 80 138 -65 -131 0
piece 123 191 38 22 32 -87 -94 0
piece 74 104 239 6 6 -67 -96 0
piece 128 1 0 396 400 1 -192 0
piece 128 1 0 396 400 -395 -192 4
piece 128 1 0 396 400 0 -588 1
piece 128 1 0 396 400 -396 -592 2
piece 97 0 0 314 210 0 -139 0
piece 97 0 226 306 248 -294 -143 0
piece 129 0 0 400 600 -194 -527 0
frame 242 8 -27 -117 31 5 0 0 0 0
piece 130 5 0 192 450 -145 -531 0
piece 123 293 0 58 138 -91 -132 0
piece 123 300 378 50 98 -33 -89 0
piece 74 104 239 6 6 -68 -96 0
piece 131 0 0 398 400 1 -189 0
piece 131 0 0 398 400 -396 -189 4
piece 131 0 0 398 400 1 -587 1
piece 131 0 0 398 400 -405 -589 2
frame 243 4 -27 -117 31 5 0 0 0 0
piece 130 197 0 202 354 -138 -426 0
piece 130 239 385 30 90 -164 -247 0
piece 123 0 132 106 138 -91 -130 0
piece 74 115 240 6 6 -65 -97 0
frame 244 3 -27 -117 31 5 0 0 0 0
piece 132 5 0 256 354 -164 -439 0
piece 123 106 134 104 136 -88 -128 0
piece 74 104 239 6 6 -59 -102 0
frame 245 3 -27 -117 31 5 0 0 0 0
piece 133 1 0 264 331 -151 -404 0
piece 123 210 138 86 130 -71 -121 0
piece 74 115 240 6 6 -40 -107 0
frame 246 5 -27 -117 31 5 0 0 0 0
piece 132 263 0 136 354 -2 -394 0
piece 132 4 355 138 208 -135 -376 0
piece 74 132 238 8 10 -14 -106 0
piece 123 297 138 54 130 -50 -118 0
piece 123 244 379 18 132 4 -121 0
frame 247 4 -27 -117 31 5 0 0 0 0
piece 74 145 240 22 16 1 -97 0
piece 123 0 270 90 104 -51 -97 0
piece 134 12 0 162 106 -27 -153 0
piece 132 142 356 258 244 -104 -397 0
frame 248 9 -27 -117 31 5 0 0 0 0
piece 134 218 16 182 484 5 -456 0
piece 134 9 114 150 262 -141 -355 0
piece 100 1 269 102 52 -49 -33 0
piece 74 171 248 38 20 7 -38 0
piece 102 0 4 392 548 69 -458 0
piece 102 0 4 392 548 -216 -462 4
piece 84 7 10 388 478 -91 -364 0
piece 102 0 4 392 548 133 -351 0
piece 102 0 4 392 548 -300 -355 4
frame 249 9 -27 -117 31 5 -295 -114 295 97
piece 134 218 16 182 484 5 -451 0
piece 134 9 114 150 262 -141 -350 0
piece 100 1 269 102 52 -49 -33 0
piece 74 171 248 38 20 7 -38 0
piece 104 9 11 384 532 -207 -433 4
piece 104 9 11 384 532 70 -430 0
piece 86 11 3 388 468 -90 -340 0
piece 104 9 11 384 532 137 -327 0
piece 104 9 11 384 532 -293 -332 4
frame 250 9 -27 -117 31 5 0 0 0 0
piece 134 0 378 210 222 -27 -172 0
piece 134 216 504 184 96 -28 -266 0
piece 100 1 269 102 52 -49 -33 0
piece 74 171 248 38 20 7 -38 0
piece 105 0 5 398 482 -211 -425 4
piece 105 0 5 398 482 60 -421 0
piece 89 13 27 376 442 -82 -332 0
piece 105 0 5 398 482 126 -323 0
piece 105 0 5 398 482 -299 -326 4
frame 251 11 -27 -117 31 5 0 0 0 0
piece 135 0 0 200 168 110 -59 0
piece 135 0 0 200 168 -90 -58 4
piece 134 0 378 210 222 -27 -172 0
piece 134 216 504 184 96 -28 -266 0
piece 100 1 269 102 52 -49 -33 0
piece 74 171 248 38 20 7 -38 0
piece 91 25 24 360 442 -71 -325 0
piece 106 11 7 378 480 73 -406 0
piece 106 11 7 378 480 139 -309 0
piece 106 11 7 378 480 -203 -410 4
piece 106 11 7 378 480 -291 -314 4
frame 252 11 -27 -117 31 5 0 0 0 0
piece 135 200 0 200 162 -87 -53 4
piece 135 200 0 200 162 107 -54 0
piece 134 0 378 210 222 -27 -172 0
piece 134 216 504 184 96 -28 -266 0
piece 100 1 269 102 52 -49 -33 0
piece 74 171 248 38 20 7 -38 0
piece 93 22 22 354 422 -80 -313 0
piece 107 7 12 384 452 60 -380 0
piece 107 7 12 384 452 130 -280 0
piece 107 7 12 384 452 -205 -384 4
piece 107 7 12 384 452 -288 -291 4
frame 253 11 -27 -117 31 5 0 0 0 0
piece 135 0 169 170 134 110 -42 0
piece 135 0 169 170 134 -60 -41 4
piece 134 0 378 210 222 -27 -172 0
piece 134 216 504 184 96 -28 -266 0
piece 100 1 269 102 52 -49 -33 0
piece 74 171 248 38 20 7 -38 0
piece 96 20 9 358 412 -83 -321 0
piece 109 9 10 376 444 58 -390 0
piece 109 9 10 376 444 125 -286 0
piece 109 9 10 376 444 -191 -393 4
piece 109 9 10 376 444 -268 -302 4
frame 254 11 -27 -117 31 5 0 0 0 0
piece 135 175 165 134 138 104 -41 0
piece 135 175 165 134 138 -20 -41 4
piece 134 0 378 210 222 -27 -172 0
piece 134 216 504 184 96 -28 -266 0
piece 100 1 269 102 52 -49 -33 0
piece 74 171 248 38 20 7 -38 0
piece 98 48 0 302 388 -64 -342 0
piece 110 42 0 358 448 75 -424 0
piece 110 42 0 358 448 132 -302 0
piece 110 42 0 358 448 -182 -413 4
piece 110 42 0 358 448 -268 -314 4
frame 255 11 -27 -117 31 5 0 0 0 0
piece 100 1 269 102 52 -49 -33 0
piece 134 0 378 210 222 -27 -174 0
piece 134 216 504 184 96 -28 -268 0
piece 74 171 248 38 20 7 -38 0
piece 101 0 0 226 306 -15 -326 0
piece 111 2 0 266 338 160 -415 0
piece 111 2 0 266 338 224 -311 0
piece 111 2 0 266 338 -176 -416 4
piece 111 2 0 266 338 -260 -294 4
piece 135 312 167 88 130 102 -42 0
piece 135 312 167 88 130 26 -41 4
frame 256 2 -27 -117 31 5 0 0 0 0
piece 44 138 245 120 102 -41 -92 0
piece 136 1 6 198 284 0 -210 0
frame 257 3 -27 -117 31 5 0 0 0 0
piece 44 262 252 112 102 -38 -99 0
piece 136 209 1 190 282 7 -204 0
piece 44 376 291 24 14 -41 0 0
frame 258 5 -27 -117 31 5 0 0 0 0
piece 135 312 167 88 130 22 -53 4
piece 135 312 167 88 130 98 -53 0
piece 136 6 290 194 292 4 -210 0
piece 0 0 0 76 103 -37 -93 0
piece 1 0 0 106 70 -33 -84 0
frame 259 3 -27 -117 31 5 0 0 0 0
piece 81 3 0 198 286 5 -214 0
piece 0 76 0 80 103 -39 -93 0
piece 1 106 0 96 70 -28 -79 0
frame 260 3 -27 -117 31 5 0 0 0 0
piece 81 204 0 196 288 6 -235 0
piece 0 156 0 78 103 -37 -93 0
piece 1 202 0 106 66 -30 -85 0
frame 261 8 -27 -117 31 5 0 0 0 0
piece 41 1 140 398 256 -169 -135 0
piece 41 89 398 62 132 229 -26 0
piece 41 152 397 58 96 229 -121 0
piece 137 61 358 272 242 -84 -294 0
piece 42 0 0 400 94 -145 -55 0
piece 39 192 81 138 76 -67 -63 0
piece 33 40 132 38 36 33 -21 0
piece 33 3 127 34 40 39 -48 0
frame 262 2 -28 -116 31 -14 0 0 0 0
piece 138 104 1 52 48 -27 -122 0
piece 139 232 0 68 126 -33 -111 0
frame 263 2 -27 -117 31 5 0 0 0 0
piece 138 156 1 46 46 -22 -121 0
piece 139 0 110 68 124 -32 -110 0
clip idle 1 13 0:0.0667 1:0.0667 2:0.0667 3:0.0667 4:0.0667 5:0.0667 6:0.0667 7:0.0667 8:0.0667 9:0.0667 10:0.0667 11:0.0667 12:0.0667
clip walk 1 16 13:0.0333 14:0.0333 15:0.0333 16:0.0333 17:0.0333 18:0.0333 19:0.0333 20:0.0333 21:0.0333 22:0.0333 23:0.0333 24:0.0333 25:0.0333 26:0.0333 27:0.0333 28:0.0333
clip run 1 16 13:0.0333 14:0.0333 15:0.0333 16:0.0333 17:0.0333 18:0.0333 19:0.0333 20:0.0333 21:0.0333 22:0.0333 23:0.0333 24:0.0333 25:0.0333 26:0.0333 27:0.0333 28:0.0333
clip dash 0 12 29:0.0667 30:0.0667 31:0.0333 32:0.0667 33:0.0667 34:0.0333 35:0.0333 36:0.0333 37:0.0667 38:0.0333 39:0.0333 40:0.0333
clipsound dash 0 sound70
clip hit 0 6 41:0.0667 42:0.0667 43:0.1000 44:0.0667 45:0.0667 46:0.0667
clipsound hit 0 sound36
clip hit_high 0 6 41:0.0667 42:0.0667 43:0.1000 44:0.0667 45:0.0667 46:0.0667
clipsound hit_high 0 sound36
clip hit_low 0 6 41:0.0667 42:0.0667 43:0.1000 44:0.0667 45:0.0667 46:0.0667
clipsound hit_low 0 sound36
clip recovery 0 6 41:0.0667 42:0.0667 43:0.1000 44:0.0667 45:0.0667 46:0.0667
clipsound recovery 0 sound36
clip airborne 0 6 41:0.1000 42:0.1000 43:0.1000 44:0.1000 45:0.1000 46:0.1000
clip air 0 6 41:0.1000 42:0.1000 43:0.1000 44:0.1000 45:0.1000 46:0.1000
clip knockdown 0 8 47:0.0667 48:0.0667 49:0.0667 50:0.0667 51:0.0667 52:0.0667 53:0.0667 54:0.0667
clip getup 0 12 54:0.1000 55:0.0667 56:0.0667 57:0.0667 58:0.0667 59:0.0667 60:0.0667 61:0.0667 62:0.0667 63:0.0667 64:0.0667 65:0.0667
clip defeat 0 18 66:0.1000 47:0.1000 48:0.1000 49:0.1000 50:0.1000 51:0.1000 52:0.1000 53:0.1000 54:0.6667 66:0.0333 47:0.0333 48:0.0333 49:0.0333 50:0.0333 51:0.0333 52:0.0333 53:0.0333 54:0.0333
clipsound defeat 0 sound34
clip block 1 1 0:0.0333
clip victory 1 12 67:0.0667 68:0.0667 69:0.0667 70:0.0667 71:0.0667 72:0.0667 73:0.0667 74:0.0667 75:0.0667 76:0.0667 77:0.0667 78:0.0667
clip punch1 0 7 79:0.0667 80:0.0333 81:0.1000 82:0.0667 83:0.0333 84:0.0667 85:0.1000
clipsound punch1 2 sound75
clipsound punch1 2 sound61
clip punch2 0 6 86:0.0333 87:0.0667 88:0.1000 89:0.0667 90:0.0667 91:0.0333
clipsound punch2 2 sound75
clipsound punch2 2 sound62
clip punch3 0 22 92:0.0333 93:0.0667 94:0.1000 95:0.0667 96:0.0667 97:0.0667 98:0.0667 99:0.0667 100:0.1000 101:0.0667 102:0.0667 103:0.0667 104:0.0667 105:0.0667 106:0.1000 107:0.0667 108:0.0667 109:0.0667 110:0.0667 111:0.0667 112:0.0667 113:0.0667
clipsound punch3 2 sound75
clipsound punch3 2 sound63
clip kick 0 14 114:0.0667 114:0.0667 115:0.0667 116:0.0667 117:0.0667 118:0.0667 119:0.1000 120:0.0667 121:0.0667 122:0.1000 123:0.0667 10:0.0667 11:0.0667 12:0.0667
clipsound kick 5 sound75
clipsound kick 5 sound64
clip atk1 0 7 79:0.0667 80:0.0333 81:0.1000 82:0.0667 83:0.0333 84:0.0667 85:0.1000
clipsound atk1 2 sound75
clipsound atk1 2 sound61
clip atk2 0 6 86:0.0333 87:0.0667 88:0.1000 89:0.0667 90:0.0667 91:0.0333
clipsound atk2 2 sound75
clipsound atk2 2 sound62
clip atk3 0 22 92:0.0333 93:0.0667 94:0.1000 95:0.0667 96:0.0667 97:0.0667 98:0.0667 99:0.0667 100:0.1000 101:0.0667 102:0.0667 103:0.0667 104:0.0667 105:0.0667 106:0.1000 107:0.0667 108:0.0667 109:0.0667 110:0.0667 111:0.0667 112:0.0667 113:0.0667
clipsound atk3 2 sound75
clipsound atk3 2 sound63
clip atk4 0 14 114:0.0667 114:0.0667 115:0.0667 116:0.0667 117:0.0667 118:0.0667 119:0.1000 120:0.0667 121:0.0667 122:0.1000 123:0.0667 10:0.0667 11:0.0667 12:0.0667
clipsound atk4 5 sound75
clipsound atk4 5 sound64
clip dash_attack 0 22 92:0.0333 93:0.0667 94:0.1000 95:0.0667 96:0.0667 97:0.0667 98:0.0667 99:0.0667 100:0.1000 101:0.0667 102:0.0667 103:0.0667 104:0.0667 105:0.0667 106:0.1000 107:0.0667 108:0.0667 109:0.0667 110:0.0667 111:0.0667 112:0.0667 113:0.0667
clipsound dash_attack 2 sound75
clipsound dash_attack 2 sound63
clip finisher 0 14 114:0.0667 114:0.0667 115:0.0667 116:0.0667 117:0.0667 118:0.0667 119:0.1000 120:0.0667 121:0.0667 122:0.1000 123:0.0667 10:0.0667 11:0.0667 12:0.0667
clipsound finisher 5 sound75
clipsound finisher 5 sound64
clip ab0 0 22 124:0.0667 125:0.0667 126:0.0667 127:0.0667 128:0.0667 129:0.1000 130:0.1000 131:0.1000 132:0.1000 133:0.1000 134:0.0667 135:0.1000 136:0.0333 137:0.0333 138:0.0333 139:0.0333 140:0.0333 141:0.0333 142:0.0667 143:0.0667 144:0.0667 145:0.0333
clipsound ab0 5 sound65
clipsound ab0 7 sound38
clip ab1 0 46 146:0.0667 147:0.0667 148:0.0667 149:0.0667 150:0.0667 151:0.0667 152:0.0667 153:0.0667 154:0.0667 155:0.1333 156:0.0667 157:0.0667 158:0.0667 159:0.1333 160:0.0667 161:0.0667 162:0.0667 163:0.1333 164:0.0667 153:0.0667 165:0.1333 154:0.0667 166:0.0667 167:0.0667 158:0.0667 159:0.1333 160:0.0667 161:0.0667 168:0.1333 169:0.0667 170:0.0667 171:0.1000 172:0.1000 173:0.0667 174:0.0667 175:0.0667 176:0.0667 177:0.1667 178:0.1333 179:0.1000 180:0.0667 181:0.0667 182:0.0667 183:0.0667 184:0.0667 3:0.0667
clipsound ab1 0 sound65
clipsound ab1 44 sound64
clipsound ab1 42 sound64
clipsound ab1 38 sound64
clipsound ab1 30 sound64
clipsound ab1 26 sound64
clipsound ab1 22 sound64
clipsound ab1 18 sound64
clipsound ab1 26 sound38
clip ab2 0 76 185:0.0667 186:0.0667 187:0.0667 188:0.0667 189:0.0667 190:0.0667 191:0.0667 192:0.0667 193:0.0667 194:0.0667 195:0.0667 196:0.0667 197:0.0667 198:0.0667 199:0.0667 200:0.0667 201:0.0667 202:0.0667 203:0.1333 204:0.0667 205:0.0667 206:0.0667 207:0.0667 208:0.0667 209:0.0667 210:0.0667 211:0.1333 212:0.0667 213:0.0667 214:0.0667 215:0.0667 216:0.1333 217:0.0667 218:0.0667 219:0.0667 220:0.0667 221:0.1333 222:0.0667 223:0.0667 224:0.0667 225:0.0667 226:0.0667 227:0.1333 228:0.0667 229:0.0667 230:0.0667 231:0.1333 232:0.0667 233:0.0667 234:0.0667 235:0.0667 236:0.0667 237:0.0667 238:0.0667 239:0.0667 240:0.0667 241:0.0667 242:0.0667 243:0.0667 244:0.1333 245:0.0333 246:0.0333 247:0.0333 248:0.1000 249:0.1667 250:0.1000 251:0.0667 252:0.0667 253:0.0667 254:0.0667 255:0.0333 256:0.0667 257:0.0667 258:0.0667 259:0.0667 260:0.0667
clipsound ab2 0 sound37
clipsound ab2 54 sound65
clipsound ab2 68 sound38
clipsound ab2 60 sound38
clipsound ab2 46 sound38
clipsound ab2 40 sound38
clipsound ab2 35 sound38
clipsound ab2 29 sound38
clipsound ab2 22 sound38
clip ab3 0 10 133:0.0667 134:0.1000 135:0.1667 136:0.1000 261:0.0667 137:0.0667 138:0.0667 139:0.0667 140:0.0667 141:0.0667
clipsound ab3 0 sound65
clip ab4 0 67 189:0.0667 190:0.0667 191:0.0667 192:0.0667 193:0.0667 194:0.0667 195:0.0667 196:0.0667 197:0.0667 198:0.0667 199:0.0667 200:0.0667 201:0.0667 202:0.0667 203:0.1333 204:0.0667 205:0.0667 206:0.0667 207:0.0667 208:0.0667 209:0.0667 210:0.0667 211:0.1333 212:0.0667 213:0.0667 214:0.0667 215:0.0667 216:0.1333 217:0.0667 218:0.0667 219:0.0667 220:0.0667 221:0.1333 222:0.0667 223:0.0667 224:0.0667 225:0.0667 226:0.0667 227:0.1333 228:0.0667 229:0.0667 230:0.0667 231:0.1333 232:0.0667 233:0.0667 234:0.0667 235:0.0667 236:0.0667 237:0.0667 238:0.0667 239:0.0667 240:0.0667 241:0.0667 242:0.0667 243:0.0667 244:0.1333 245:0.0333 246:0.0333 247:0.0333 248:0.1000 249:0.1667 250:0.1000 251:0.0667 252:0.0667 253:0.0667 254:0.0667 255:0.0333
clipsound ab4 0 sound37
clip energy 0 22 124:0.0667 125:0.0667 126:0.0667 127:0.0667 128:0.0667 129:0.1000 130:0.1000 131:0.1000 132:0.1000 133:0.1000 134:0.0667 135:0.1000 136:0.0333 137:0.0333 138:0.0333 139:0.0333 140:0.0333 141:0.0333 142:0.0667 143:0.0667 144:0.0667 145:0.0333
clipsound energy 5 sound65
clipsound energy 7 sound38
clip special 0 46 146:0.0667 147:0.0667 148:0.0667 149:0.0667 150:0.0667 151:0.0667 152:0.0667 153:0.0667 154:0.0667 155:0.1333 156:0.0667 157:0.0667 158:0.0667 159:0.1333 160:0.0667 161:0.0667 162:0.0667 163:0.1333 164:0.0667 153:0.0667 165:0.1333 154:0.0667 166:0.0667 167:0.0667 158:0.0667 159:0.1333 160:0.0667 161:0.0667 168:0.1333 169:0.0667 170:0.0667 171:0.1000 172:0.1000 173:0.0667 174:0.0667 175:0.0667 176:0.0667 177:0.1667 178:0.1333 179:0.1000 180:0.0667 181:0.0667 182:0.0667 183:0.0667 184:0.0667 3:0.0667
clipsound special 0 sound65
clipsound special 44 sound64
clipsound special 42 sound64
clipsound special 38 sound64
clipsound special 30 sound64
clipsound special 26 sound64
clipsound special 22 sound64
clipsound special 18 sound64
clipsound special 26 sound38
clip super 0 76 185:0.0667 186:0.0667 187:0.0667 188:0.0667 189:0.0667 190:0.0667 191:0.0667 192:0.0667 193:0.0667 194:0.0667 195:0.0667 196:0.0667 197:0.0667 198:0.0667 199:0.0667 200:0.0667 201:0.0667 202:0.0667 203:0.1333 204:0.0667 205:0.0667 206:0.0667 207:0.0667 208:0.0667 209:0.0667 210:0.0667 211:0.1333 212:0.0667 213:0.0667 214:0.0667 215:0.0667 216:0.1333 217:0.0667 218:0.0667 219:0.0667 220:0.0667 221:0.1333 222:0.0667 223:0.0667 224:0.0667 225:0.0667 226:0.0667 227:0.1333 228:0.0667 229:0.0667 230:0.0667 231:0.1333 232:0.0667 233:0.0667 234:0.0667 235:0.0667 236:0.0667 237:0.0667 238:0.0667 239:0.0667 240:0.0667 241:0.0667 242:0.0667 243:0.0667 244:0.1333 245:0.0333 246:0.0333 247:0.0333 248:0.1000 249:0.1667 250:0.1000 251:0.0667 252:0.0667 253:0.0667 254:0.0667 255:0.0333 256:0.0667 257:0.0667 258:0.0667 259:0.0667 260:0.0667
clipsound super 0 sound37
clipsound super 54 sound65
clipsound super 68 sound38
clipsound super 60 sound38
clipsound super 46 sound38
clipsound super 40 sound38
clipsound super 35 sound38
clipsound super 29 sound38
clipsound super 22 sound38
clip rage_attack 0 76 185:0.0667 186:0.0667 187:0.0667 188:0.0667 189:0.0667 190:0.0667 191:0.0667 192:0.0667 193:0.0667 194:0.0667 195:0.0667 196:0.0667 197:0.0667 198:0.0667 199:0.0667 200:0.0667 201:0.0667 202:0.0667 203:0.1333 204:0.0667 205:0.0667 206:0.0667 207:0.0667 208:0.0667 209:0.0667 210:0.0667 211:0.1333 212:0.0667 213:0.0667 214:0.0667 215:0.0667 216:0.1333 217:0.0667 218:0.0667 219:0.0667 220:0.0667 221:0.1333 222:0.0667 223:0.0667 224:0.0667 225:0.0667 226:0.0667 227:0.1333 228:0.0667 229:0.0667 230:0.0667 231:0.1333 232:0.0667 233:0.0667 234:0.0667 235:0.0667 236:0.0667 237:0.0667 238:0.0667 239:0.0667 240:0.0667 241:0.0667 242:0.0667 243:0.0667 244:0.1333 245:0.0333 246:0.0333 247:0.0333 248:0.1000 249:0.1667 250:0.1000 251:0.0667 252:0.0667 253:0.0667 254:0.0667 255:0.0333 256:0.0667 257:0.0667 258:0.0667 259:0.0667 260:0.0667
clipsound rage_attack 0 sound37
clipsound rage_attack 54 sound65
clipsound rage_attack 68 sound38
clipsound rage_attack 60 sound38
clipsound rage_attack 46 sound38
clipsound rage_attack 40 sound38
clipsound rage_attack 35 sound38
clipsound rage_attack 29 sound38
clipsound rage_attack 22 sound38
clip jump 0 9 262:0.0333 262:0.0333 262:0.0333 262:0.0333 262:0.0333 262:0.0333 262:0.0333 262:0.0333 263:0.1000
clipsound jump 0 sound70
ability ab0 HABILIDAD A
ability ab1 HABILIDAD B
ability ab2 HABILIDAD C
ability ab3 COMBO DE HABILIDAD 1
ability ab4 COMBO DE HABILIDAD 2
sound hurt sound36
sound die sound34
sound dash sound70
