# BETA: GUERRERO (CADENA DEL RAYO) (generado por tools/beta/build_beta_characters.py)
character kratos_rayo hero 160
name GUERRERO (CADENA DEL RAYO)
image 0 160
image 1 455
image 2 162
image 3 304
image 4 0
image 5 5
image 6 223
image 7 407
image 8 224
image 9 409
image 10 43
image 11 44
image 12 45
image 13 46
image 14 161
image 15 456
image 16 200
image 17 289
image 18 275
image 19 278
image 20 291
image 21 206
image 22 285
image 23 203
image 24 286
image 25 276
image 26 279
image 27 204
image 28 280
image 29 287
image 30 201
image 31 281
image 32 277
image 33 282
image 34 205
image 35 396
image 36 288
image 37 283
image 38 397
image 39 290
image 40 221
image 41 245
image 42 250
image 43 249
image 44 247
image 45 252
image 46 261
image 47 246
image 48 254
image 49 253
image 50 690
image 51 255
image 52 691
image 53 256
image 54 251
image 55 257
image 56 692
image 57 258
image 58 693
image 59 259
image 60 260
image 61 626
image 62 441
image 63 443
image 64 445
image 65 450
image 66 447
image 67 451
image 68 446
image 69 452
image 70 444
image 71 448
image 72 453
image 73 449
image 74 454
image 75 442
image 76 509
image 77 506
image 78 507
image 79 510
image 80 508
image 81 379
image 82 486
image 83 382
image 84 383
image 85 384
image 86 385
image 87 386
image 88 387
image 89 133
image 90 388
image 91 553
image 92 535
image 93 395
image 94 554
image 95 536
image 96 113
image 97 555
image 98 537
image 99 556
image 100 538
image 101 557
image 102 539
image 103 114
image 104 558
image 105 540
image 106 559
image 107 541
image 108 533
image 109 380
image 110 542
image 111 543
image 112 115
image 113 544
image 114 545
image 115 546
image 116 547
image 117 116
image 118 548
image 119 549
image 120 550
image 121 37
image 122 117
image 123 118
image 124 551
image 125 560
image 126 139
image 127 561
image 128 552
image 129 119
image 130 562
image 131 567
image 132 381
image 133 120
image 134 563
image 135 564
image 136 579
image 137 565
image 138 580
image 139 121
image 140 566
image 141 137
image 142 122
image 143 138
image 144 38
image 145 132
image 146 225
image 147 405
frame 0 2 -27 -117 31 5 0 0 0 0
piece 0 0 0 76 103 -37 -93 0
piece 1 0 0 130 86 -44 -96 0
frame 1 2 -27 -117 31 5 0 0 0 0
piece 0 76 0 80 103 -39 -93 0
piece 1 130 0 120 94 -34 -103 0
frame 2 2 -27 -117 31 5 0 0 0 0
piece 0 156 0 78 103 -37 -93 0
piece 1 250 0 136 108 -42 -104 0
frame 3 2 -27 -117 31 5 0 0 0 0
piece 0 234 0 80 101 -37 -92 0
piece 1 0 86 130 96 -38 -95 0
frame 4 2 -27 -117 31 5 0 0 0 0
piece 0 0 103 82 102 -37 -93 0
piece 1 130 108 126 96 -42 -95 0
frame 5 2 -27 -117 31 5 0 0 0 0
piece 0 82 103 80 102 -38 -91 0
piece 1 256 108 136 106 -46 -95 0
frame 6 2 -27 -117 31 5 0 0 0 0
piece 0 162 103 80 100 -39 -90 0
piece 1 0 197 130 104 -39 -93 0
frame 7 2 -27 -117 31 5 0 0 0 0
piece 0 242 103 80 98 -39 -88 0
piece 1 130 216 130 102 -44 -93 0
frame 8 2 -27 -117 31 5 0 0 0 0
piece 0 0 205 78 98 -37 -89 0
piece 1 260 214 138 104 -45 -97 0
frame 9 2 -27 -117 31 5 0 0 0 0
piece 0 78 205 78 98 -38 -88 0
piece 1 0 311 130 102 -28 -94 0
frame 10 2 -27 -117 31 5 0 0 0 0
piece 0 156 203 76 100 -38 -90 0
piece 1 130 318 126 102 -37 -89 0
frame 11 2 -27 -117 31 5 0 0 0 0
piece 0 232 201 78 102 -38 -93 0
piece 1 256 318 144 102 -41 -89 0
frame 12 3 -27 -117 31 5 0 0 0 0
piece 0 310 202 42 102 -38 -86 0
piece 0 315 0 36 99 4 -91 0
piece 1 0 413 136 96 -48 -91 0
frame 13 2 -27 -117 31 5 0 0 0 0
piece 2 0 0 98 104 -58 -101 0
piece 3 0 0 42 34 -15 -102 0
frame 14 2 -27 -117 31 5 0 0 0 0
piece 2 98 0 90 105 -56 -101 0
piece 3 44 0 42 42 -19 -103 0
frame 15 2 -27 -117 31 5 0 0 0 0
piece 2 188 0 86 105 -52 -101 0
piece 3 88 0 38 40 -17 -104 0
frame 16 2 -27 -117 31 5 0 0 0 0
piece 2 275 0 76 104 -43 -104 0
piece 3 129 0 38 32 -14 -110 0
frame 17 2 -27 -117 31 5 0 0 0 0
piece 2 0 106 88 100 -42 -102 0
piece 3 167 0 26 16 3 -112 0
frame 18 2 -27 -117 31 5 0 0 0 0
piece 2 88 106 92 102 -43 -104 0
piece 3 193 1 34 30 -2 -112 0
frame 19 2 -27 -117 31 5 0 0 0 0
piece 2 180 105 100 99 -51 -104 0
piece 3 227 2 42 28 -6 -111 0
frame 20 3 -27 -117 31 5 0 0 0 0
piece 2 281 104 88 102 -59 -104 0
piece 2 351 62 18 40 28 -105 0
piece 3 269 2 40 28 -6 -111 0
frame 21 2 -27 -117 31 5 0 0 0 0
piece 2 0 207 100 106 -60 -102 0
piece 3 310 2 24 14 8 -109 0
frame 22 2 -27 -117 31 5 0 0 0 0
piece 2 102 208 90 106 -53 -101 0
piece 3 334 1 26 16 1 -109 0
frame 23 2 -27 -117 31 5 0 0 0 0
piece 2 191 204 76 110 -43 -103 0
piece 3 0 42 36 32 -14 -104 0
frame 24 2 -27 -117 31 5 0 0 0 0
piece 2 268 205 66 110 -31 -105 0
piece 3 39 43 42 42 -19 -108 0
frame 25 2 -27 -117 31 5 0 0 0 0
piece 2 1 313 86 106 -46 -103 0
piece 3 83 43 42 40 -14 -107 0
frame 26 2 -27 -117 31 5 0 0 0 0
piece 2 87 314 94 106 -49 -104 0
piece 3 127 44 44 36 -13 -107 0
frame 27 2 -27 -117 31 5 0 0 0 0
piece 2 180 314 102 106 -57 -104 0
piece 3 174 43 42 42 -15 -107 0
frame 28 3 -27 -117 31 5 0 0 0 0
piece 2 283 315 86 104 -54 -101 0
piece 2 336 208 22 108 19 -104 0
piece 3 219 43 44 42 -18 -106 0
frame 29 3 -27 -117 31 5 0 0 0 0
piece 4 0 0 86 90 -50 -79 0
piece 5 0 8 42 30 -29 -55 0
piece 5 42 0 34 34 10 -61 0
frame 30 2 -27 -117 31 5 0 0 0 0
piece 4 87 0 122 72 -61 -70 0
piece 5 76 1 36 44 40 -63 0
frame 31 2 -27 -117 31 5 0 0 0 0
piece 4 209 0 110 72 -65 -75 0
piece 5 117 2 38 38 27 -43 0
frame 32 3 -27 -117 31 5 0 0 0 0
piece 4 0 92 78 88 -62 -86 0
piece 4 78 120 12 42 16 -58 0
piece 5 157 2 38 36 0 -34 0
frame 33 2 -27 -117 31 5 0 0 0 0
piece 4 90 72 74 84 -48 -84 0
piece 5 200 2 44 26 -22 -22 0
frame 34 2 -27 -117 31 5 0 0 0 0
piece 4 164 70 68 88 -42 -80 0
piece 5 244 0 40 42 -24 -31 0
frame 35 2 -27 -117 31 5 0 0 0 0
piece 4 234 70 86 82 -39 -82 0
piece 5 286 0 62 42 -46 -47 0
frame 36 3 -27 -117 31 5 0 0 0 0
piece 4 320 69 80 60 -36 -60 0
piece 5 356 3 24 26 -5 -77 0
piece 5 346 40 30 40 -14 -41 0
frame 37 3 -27 -117 31 5 0 0 0 0
piece 4 0 180 80 60 -38 -59 0
piece 5 2 49 34 36 -27 -38 0
piece 5 37 47 24 30 14 -72 0
frame 38 3 -27 -117 31 5 0 0 0 0
piece 4 80 162 92 74 -48 -72 0
piece 5 67 46 40 32 -49 -62 0
piece 5 109 46 34 34 27 -64 0
frame 39 3 -27 -117 31 5 0 0 0 0
piece 4 172 164 86 86 -40 -85 0
piece 5 149 49 44 24 -42 -58 0
piece 5 193 46 30 38 31 -74 0
frame 40 3 -27 -117 31 5 0 0 0 0
piece 4 259 156 76 96 -33 -93 0
piece 5 223 47 42 28 -35 -64 0
piece 5 265 45 26 40 29 -82 0
frame 41 2 -27 -117 31 5 0 0 0 0
piece 6 0 0 74 108 -37 -109 0
piece 7 0 0 56 50 -14 -96 0
frame 42 2 -27 -117 31 5 0 0 0 0
piece 6 0 0 74 108 -37 -112 0
piece 7 0 0 56 50 -14 -100 0
frame 43 3 -27 -117 31 5 0 0 0 0
piece 6 74 1 96 126 -42 -129 0
piece 7 57 2 28 40 -35 -113 0
piece 7 88 0 24 44 9 -134 0
frame 44 4 -27 -117 31 5 0 0 0 0
piece 6 173 2 63 124 -45 -127 0
piece 6 199 135 37 86 15 -112 0
piece 7 114 2 36 36 -45 -103 0
piece 7 153 0 30 38 17 -121 0
frame 45 3 -27 -117 31 5 0 0 0 0
piece 6 1 116 96 122 -45 -121 0
piece 7 186 3 46 24 -47 -99 0
piece 7 3 54 32 32 30 -112 0
frame 46 3 -27 -117 31 5 0 0 0 0
piece 6 97 127 98 120 -46 -110 0
piece 7 38 54 40 26 -44 -89 0
piece 7 81 56 40 20 35 -86 0
frame 47 2 -27 -117 31 5 0 0 0 0
piece 8 76 0 58 112 -27 -107 0
piece 9 42 0 38 36 -30 -111 0
frame 48 2 -27 -117 31 5 0 0 0 0
piece 8 134 0 84 100 -36 -94 0
piece 9 80 0 36 38 -42 -101 0
frame 49 3 -27 -117 31 5 0 0 0 0
piece 8 218 0 102 62 -48 -60 0
piece 8 284 123 10 18 53 -18 0
piece 9 119 0 44 36 -62 -66 0
frame 50 3 -27 -117 31 5 0 0 0 0
piece 8 218 64 102 38 -69 -28 0
piece 8 280 150 38 24 32 -21 0
piece 9 165 0 18 32 -65 -25 0
frame 51 2 -27 -117 31 5 0 0 0 0
piece 8 0 114 136 36 -66 -28 0
piece 9 165 0 18 32 -65 -26 0
frame 52 2 -27 -117 31 5 0 0 0 0
piece 8 137 114 137 36 -67 -28 0
piece 9 165 0 18 32 -66 -26 0
frame 53 2 -27 -117 31 5 0 0 0 0
piece 8 137 150 136 36 -67 -26 0
piece 9 165 0 18 32 -66 -26 0
frame 54 2 -27 -117 31 5 0 0 0 0
piece 8 0 150 136 36 -67 -27 0
piece 9 165 0 18 32 -66 -26 0
frame 55 2 -8 -16 8 0 0 0 0 0
piece 10 0 0 156 68 -84 -47 0
piece 11 0 0 208 256 -103 -221 0
frame 56 4 -8 -16 8 0 0 0 0 0
piece 10 156 0 98 90 -48 -78 0
piece 11 224 256 176 76 -94 -34 0
piece 11 208 0 192 256 -110 -290 0
piece 11 0 256 18 286 82 -270 0
frame 57 2 -8 -16 8 0 0 0 0 0
piece 10 254 0 106 98 -49 -87 0
piece 11 18 261 214 338 -112 -282 0
frame 58 4 -8 -16 8 0 0 0 0 0
piece 10 0 68 104 120 -47 -90 0
piece 11 234 332 166 268 -111 -273 0
piece 12 0 47 52 262 55 -262 0
piece 12 0 4 182 38 -94 -6 0
frame 59 3 -8 -16 8 0 0 0 0 0
piece 10 104 90 98 128 -47 -98 0
piece 12 214 0 186 68 -99 -41 0
piece 12 51 67 228 248 -115 -284 0
frame 60 4 -8 -16 8 0 0 0 0 0
piece 10 202 98 92 120 -42 -100 0
piece 1 0 0 130 86 -44 -96 0
piece 12 278 67 122 316 -113 -289 0
piece 12 0 316 116 284 7 -256 0
frame 61 3 -8 -16 8 0 0 0 0 0
piece 10 202 98 92 120 -42 -100 0
piece 1 0 0 130 86 -44 -96 0
piece 13 0 0 224 316 -110 -288 0
frame 62 3 -8 -16 8 0 0 0 0 0
piece 10 202 98 92 120 -42 -100 0
piece 1 0 0 130 86 -44 -96 0
piece 12 118 378 218 222 -115 -195 0
frame 63 4 -8 -16 8 0 0 0 0 0
piece 10 294 98 102 121 -46 -99 0
piece 1 0 0 130 86 -44 -96 0
piece 13 242 0 158 200 -88 -180 0
piece 13 225 172 34 144 70 -172 0
frame 64 3 -8 -16 8 0 0 0 0 0
piece 10 294 98 102 121 -46 -99 0
piece 1 0 0 130 86 -44 -96 0
piece 13 0 317 206 174 -105 -146 0
frame 65 3 -8 -16 8 0 0 0 0 0
piece 0 0 0 76 103 -37 -93 0
piece 13 214 328 186 154 -74 -154 0
piece 1 0 0 130 86 -44 -96 0
frame 66 2 -27 -117 31 5 0 0 0 0
piece 9 0 0 40 42 -16 -122 0
piece 8 0 0 76 114 -36 -110 0
frame 67 2 -27 -140 31 10 0 0 0 0
piece 14 3 0 51 132 -23 -122 0
piece 15 0 0 30 20 -19 -120 0
frame 68 2 -27 -140 31 10 0 0 0 0
piece 14 54 0 52 132 -23 -122 0
piece 15 30 0 32 20 -21 -121 0
frame 69 2 -27 -140 31 10 0 0 0 0
piece 14 106 0 53 133 -24 -124 0
piece 15 64 0 33 20 -22 -123 0
frame 70 2 -27 -140 31 10 0 0 0 0
piece 14 159 0 54 134 -24 -122 0
piece 15 98 0 31 20 -21 -124 0
frame 71 2 -27 -140 31 10 0 0 0 0
piece 14 213 0 52 133 -23 -124 0
piece 15 129 0 33 20 -20 -123 0
frame 72 2 -27 -140 31 10 0 0 0 0
piece 14 265 0 51 133 -22 -124 0
piece 15 0 22 32 22 -21 -124 0
frame 73 2 -27 -140 31 10 0 0 0 0
piece 14 3 132 52 133 -24 -120 0
piece 15 32 22 32 22 -19 -122 0
frame 74 2 -27 -140 31 10 0 0 0 0
piece 14 55 132 52 133 -23 -120 0
piece 15 64 22 32 22 -19 -121 0
frame 75 2 -27 -140 31 10 0 0 0 0
piece 14 107 133 48 132 -23 -119 0
piece 15 96 22 32 22 -18 -120 0
frame 76 2 -27 -140 31 10 0 0 0 0
piece 14 155 133 46 132 -21 -119 0
piece 15 128 22 34 22 -18 -119 0
frame 77 2 -27 -140 31 10 0 0 0 0
piece 14 201 134 48 131 -23 -118 0
piece 15 0 46 32 24 -18 -122 0
frame 78 2 -27 -140 31 10 0 0 0 0
piece 14 250 134 54 131 -21 -118 0
piece 15 32 46 34 24 -19 -123 0
frame 79 2 -27 -117 31 5 0 0 0 0
piece 16 0 1 72 96 -44 -81 0
piece 17 0 0 40 42 -11 -67 0
frame 80 5 -27 -117 31 5 0 0 0 0
piece 18 0 0 66 46 47 -83 0
piece 16 72 0 102 90 -51 -79 0
piece 19 3 1 100 48 18 -97 0
piece 17 75 0 48 54 74 -98 0
piece 17 39 0 38 22 -23 -64 0
frame 81 6 -27 -117 31 5 -43 -117 298 27
piece 18 67 0 222 38 63 -60 0
piece 16 175 0 112 88 -45 -76 0
piece 19 186 0 98 66 189 -95 0
piece 19 105 0 80 38 109 -97 0
piece 17 155 0 60 52 231 -72 0
piece 17 124 0 28 30 -38 -94 0
frame 82 7 -27 -117 31 5 0 0 0 0
piece 18 68 38 232 40 72 -49 0
piece 16 287 0 80 88 -33 -76 0
piece 16 367 2 28 44 47 -74 0
piece 19 285 1 114 96 199 -102 0
piece 19 114 40 52 28 148 -96 0
piece 17 230 0 72 58 241 -59 0
piece 17 124 0 28 30 -37 -91 0
frame 83 5 -27 -117 31 5 0 0 0 0
piece 16 0 97 88 96 -26 -81 0
piece 19 0 51 96 60 66 -65 0
piece 19 273 98 127 83 162 -92 0
piece 17 0 38 68 44 46 -58 0
piece 17 302 0 38 24 -23 -70 0
frame 84 5 -27 -117 31 5 0 0 0 0
piece 19 103 68 140 64 37 -76 0
piece 16 88 89 72 98 -25 -85 0
piece 19 0 109 68 90 187 -91 0
piece 17 106 53 44 42 30 -76 0
piece 17 66 58 40 26 -23 -66 0
frame 85 4 -27 -117 31 5 0 0 0 0
piece 16 160 88 64 102 -25 -86 0
piece 19 0 199 68 60 201 -71 0
piece 17 150 52 40 42 -21 -77 0
piece 17 190 55 18 32 27 -83 0
frame 86 3 -27 -117 31 5 0 0 0 0
piece 16 224 88 56 112 -23 -95 0
piece 17 229 59 44 28 -39 -62 0
piece 17 209 56 20 30 18 -78 0
frame 87 7 -27 -117 31 5 0 0 0 0
piece 18 94 77 206 32 40 -68 0
piece 17 272 53 80 44 229 -75 0
piece 16 280 88 90 82 -42 -75 0
piece 20 66 0 146 72 169 -70 0
piece 20 213 0 110 56 61 -48 0
piece 20 0 0 64 72 -3 -80 0
piece 17 229 59 44 28 -39 -76 4
frame 88 7 -27 -117 31 5 -43 -117 298 27
piece 18 0 46 44 140 37 -67 1
piece 17 31 87 70 62 134 -92 0
piece 16 0 194 88 86 -39 -76 0
piece 20 138 70 114 58 32 -50 0
piece 20 0 72 136 92 145 -86 0
piece 20 253 58 70 48 -38 -61 0
piece 17 0 83 34 22 -18 -74 0
frame 89 7 -27 -117 31 5 0 0 0 0
piece 20 0 165 104 60 -44 -68 0
piece 17 101 98 76 36 -29 -54 0
piece 18 44 77 44 38 -43 -56 0
piece 16 88 192 72 84 -41 -70 0
piece 20 137 128 184 46 57 -70 0
piece 20 105 177 90 64 57 -24 0
piece 17 238 88 48 46 -36 -89 0
frame 90 7 -27 -117 31 5 0 0 0 0
piece 20 190 176 134 62 -143 -64 0
piece 16 161 200 72 82 -39 -72 0
piece 18 173 108 126 34 -135 -47 0
piece 20 0 233 138 42 -11 -66 0
piece 17 0 38 68 44 -133 -58 5
piece 17 3 106 24 16 -39 -74 0
piece 17 0 123 18 16 -19 -72 0
frame 91 3 -27 -117 31 5 0 0 0 0
piece 16 233 200 60 86 -30 -81 0
piece 20 136 239 190 54 -148 -56 0
piece 17 277 97 60 52 -61 -81 0
frame 92 5 -27 -117 31 5 0 0 0 0
piece 20 0 291 138 42 -113 -59 0
piece 16 293 169 68 90 -35 -85 0
piece 17 0 123 18 16 -38 -61 0
piece 17 3 106 24 16 -57 -64 0
piece 17 2 139 28 18 11 -53 0
frame 93 8 -27 -117 31 5 0 0 0 0
piece 18 1 192 42 110 114 -141 0
piece 17 26 153 40 76 123 -82 0
piece 20 9 341 90 48 67 -69 0
piece 16 0 280 60 120 -33 -116 0
piece 21 0 216 102 36 -17 -24 0
piece 18 44 115 128 66 -14 -170 0
piece 20 136 295 188 42 -42 -21 0
piece 17 1 162 22 34 10 -96 0
frame 94 7 -27 -117 31 5 -43 -117 298 27
piece 18 95 180 52 82 -44 -187 0
piece 16 60 280 68 110 -43 -105 0
piece 18 172 142 128 48 6 -208 0
piece 18 45 193 50 98 133 -181 0
piece 20 0 392 62 144 119 -158 0
piece 20 220 346 102 66 19 -60 0
piece 17 1 162 22 34 7 -98 0
frame 95 7 -27 -117 31 5 0 0 0 0
piece 18 98 262 52 118 -159 -222 0
piece 16 128 283 94 106 -51 -100 0
piece 18 152 190 148 40 -134 -262 0
piece 18 147 231 64 32 -109 -111 0
piece 20 63 412 164 102 43 -264 0
piece 20 102 338 118 74 -73 -265 0
piece 17 99 134 40 30 25 -80 0
frame 96 7 -27 -117 31 5 0 0 0 0
piece 18 149 267 58 184 -220 -53 1
piece 18 0 302 67 85 -258 -138 0
piece 16 222 287 80 100 -45 -90 0
piece 20 227 413 98 92 -261 -184 0
piece 20 6 549 50 42 -251 -93 0
piece 20 70 512 256 88 -240 -271 0
piece 17 194 88 22 50 23 -89 0
frame 97 8 -27 -117 31 5 0 0 0 0
piece 18 64 298 38 42 -47 -43 0
piece 16 302 261 70 92 -27 -93 0
piece 18 211 231 38 138 -176 -4 1
piece 22 0 0 104 282 -273 -222 0
piece 16 376 323 12 16 -37 -12 0
piece 22 107 0 150 92 -169 -36 0
piece 22 256 1 86 42 -286 -100 0
piece 17 194 88 22 50 28 -108 0
frame 98 7 -27 -117 31 5 0 0 0 0
piece 18 264 366 36 42 -31 -43 1
piece 18 249 230 50 136 -163 -12 1
piece 16 0 400 44 104 -21 -96 0
piece 22 259 44 82 78 -77 -40 0
piece 22 107 93 150 84 -226 -32 0
piece 22 1 278 68 184 -293 -164 0
piece 22 259 123 84 78 -296 -110 0
frame 99 8 -27 -117 31 5 0 0 0 0
piece 19 68 133 132 116 -67 -94 0
piece 18 0 388 66 88 -17 -76 0
piece 16 44 400 80 106 -28 -97 0
piece 19 277 201 122 62 -189 -29 0
piece 22 106 177 152 114 -95 -63 0
piece 22 69 291 102 56 -197 -3 0
piece 22 257 203 68 78 -265 -37 0
piece 22 178 291 56 60 -231 -21 0
frame 100 9 -27 -117 31 5 -44 -118 249 32
piece 18 0 474 132 92 -44 -179 0
piece 16 124 389 90 112 -42 -103 0
piece 23 201 388 26 42 -44 -118 0
piece 19 200 131 72 118 44 -127 0
piece 19 1 259 66 116 -20 -95 0
piece 19 290 263 110 72 -129 -22 0
piece 22 70 352 98 180 64 -170 0
piece 22 1 477 68 72 -3 -44 0
piece 22 172 358 56 158 -158 -5 1
frame 101 9 -27 -117 31 5 0 0 0 0
piece 18 138 455 40 104 -40 -166 0
piece 16 214 389 44 128 -19 -119 0
piece 18 67 427 76 42 0 -148 0
piece 18 0 566 100 34 -20 -194 0
piece 19 69 249 206 92 -103 -60 0
piece 19 293 336 107 106 31 -158 0
piece 22 222 356 120 168 39 -193 0
piece 22 163 528 152 66 -29 -25 0
piece 22 80 549 80 48 80 -105 0
frame 102 10 -27 -117 31 5 0 0 0 0
piece 18 187 514 112 86 -84 -147 1
piece 18 100 566 90 34 -106 -222 1
piece 24 0 1 168 104 -100 -276 0
piece 16 257 387 66 114 -47 -103 0
piece 19 142 341 148 94 -44 -192 0
piece 19 92 436 116 54 -83 -27 0
piece 19 67 346 76 88 33 -98 0
piece 19 1 444 80 44 -47 -69 0
piece 19 238 445 68 32 33 -49 0
piece 24 0 110 66 204 66 -241 0
frame 103 13 -27 -117 31 5 0 0 0 0
piece 25 92 0 104 32 -102 -17 0
piece 26 184 0 82 56 -182 -117 0
piece 26 5 1 156 60 -162 -176 0
piece 16 323 356 72 116 -43 -102 0
piece 25 196 0 26 34 -9 -45 0
piece 25 1 53 54 102 -152 -195 0
piece 26 0 61 182 104 -180 -63 0
piece 25 0 155 94 42 -133 -96 0
piece 25 0 0 92 52 -139 -246 0
piece 24 170 2 230 96 -128 -268 0
piece 26 266 0 64 70 8 -44 1
piece 26 327 8 72 72 17 -113 1
piece 24 73 110 36 136 101 -217 0
frame 104 13 -27 -117 31 5 0 0 0 0
piece 25 102 32 58 54 -133 -112 0
piece 16 1 506 64 94 -21 -103 0
piece 25 316 33 28 66 20 -74 0
piece 26 270 81 130 150 -169 -181 1
piece 16 379 48 14 20 -19 -9 0
piece 16 373 70 14 14 8 -9 0
piece 25 54 52 42 100 -147 -210 0
piece 25 220 0 124 28 -107 -61 0
piece 24 129 110 271 115 -142 -252 0
piece 25 210 33 104 42 -80 -25 0
piece 26 184 100 40 68 -5 -56 0
piece 26 0 166 164 86 -167 -55 0
piece 26 224 170 34 82 37 -119 0
frame 105 13 -27 -117 31 5 0 0 0 0
piece 25 221 84 96 30 -6 -143 0
piece 16 68 508 46 92 -21 -125 0
piece 16 122 501 56 46 -31 -35 0
piece 27 92 118 108 76 -120 -72 0
piece 25 221 114 116 58 -121 -67 0
piece 25 172 40 34 44 79 -122 0
piece 25 96 86 124 80 -9 -80 0
piece 26 0 254 156 242 -111 -121 1
piece 24 200 225 200 100 -154 -81 0
piece 24 0 314 77 176 -166 -252 0
piece 24 119 322 34 30 -94 -109 0
piece 24 73 247 90 68 -93 -271 0
piece 26 166 166 52 138 -162 -138 0
frame 106 10 -27 -117 31 5 -44 -118 249 32
piece 25 57 198 40 88 -38 -203 0
piece 25 99 167 96 44 -1 -216 0
piece 16 180 516 76 84 -35 -120 0
piece 16 120 552 56 48 -34 -36 0
piece 25 0 198 56 76 25 -93 0
piece 25 1 279 56 82 94 -202 0
piece 26 254 262 146 238 14 -209 0
piece 24 314 316 86 120 -3 -117 0
piece 24 175 319 120 68 -121 -68 0
piece 26 164 304 86 142 -72 -91 0
frame 107 11 -27 -117 31 5 0 0 0 0
piece 16 258 502 68 98 -33 -107 0
piece 16 377 95 16 14 -12 -9 0
piece 25 199 172 60 178 -91 -264 0
piece 25 258 172 80 44 -36 -265 0
piece 25 265 212 68 62 -8 -122 0
piece 28 0 0 222 96 -88 -271 0
piece 28 156 96 61 73 84 -176 0
piece 28 109 96 40 43 91 -103 0
piece 17 87 164 43 73 26 -108 0
piece 28 0 112 108 110 60 -204 0
piece 24 79 387 222 96 -158 -91 0
frame 108 13 -27 -117 31 5 0 0 0 0
piece 25 58 286 48 88 -164 -206 0
piece 16 332 480 60 116 -30 -101 0
piece 25 109 292 92 66 -120 -147 0
piece 25 99 212 78 70 -164 -277 0
piece 17 149 175 60 58 -8 -125 0
piece 29 46 0 56 84 -4 -110 0
piece 28 228 0 172 94 -165 -290 0
piece 28 229 95 106 88 6 -276 0
piece 28 350 95 46 70 79 -191 0
piece 28 146 182 96 58 53 -201 0
piece 29 102 0 78 52 -73 -59 0
piece 29 0 0 46 82 -93 -59 0
piece 25 262 277 64 60 -39 -122 0
frame 109 7 -27 -117 31 5 0 0 0 0
piece 25 204 354 54 140 -202 -229 0
piece 30 0 1 60 110 -32 -103 0
piece 28 6 240 310 124 -198 -294 0
piece 25 261 340 82 60 -82 -108 0
piece 25 261 401 76 58 -151 -120 0
piece 17 149 175 60 58 -36 -135 1
piece 29 181 5 124 72 -20 -141 1
frame 110 8 -27 -117 31 5 0 0 0 0
piece 17 190 133 72 42 -51 -135 3
piece 25 208 512 136 88 -208 -106 0
piece 29 114 52 46 26 -17 -119 0
piece 30 60 2 68 108 -35 -96 0
piece 25 258 461 86 56 -73 -81 0
piece 25 148 358 56 70 -259 -137 0
piece 28 316 183 84 178 -293 -263 0
piece 28 0 376 166 90 -210 -291 0
frame 111 7 -27 -117 31 5 0 0 0 0
piece 17 149 175 60 58 -43 -101 2
piece 25 0 378 154 50 -153 -68 0
piece 29 305 0 92 82 -32 -122 0
piece 30 128 0 68 108 -40 -98 0
piece 28 184 423 170 114 -196 -135 0
piece 28 0 468 182 70 -258 -236 1
piece 28 301 376 98 58 -279 -187 0
frame 112 6 -27 -117 31 5 0 0 0 0
piece 25 0 426 110 96 -95 -115 0
piece 30 196 0 58 124 -33 -110 0
piece 29 0 86 118 70 -33 -136 0
piece 31 103 0 180 92 -180 -90 0
piece 31 54 40 48 96 -228 -108 0
piece 31 3 0 50 118 -278 -157 0
frame 113 4 -27 -117 31 5 0 0 0 0
piece 25 105 425 100 90 -97 -144 0
piece 30 254 0 96 114 -43 -100 0
piece 31 1 134 106 146 -105 -137 0
piece 31 102 91 168 90 -273 -99 0
frame 114 5 -27 -117 31 5 0 0 0 0
piece 25 0 522 208 78 -263 -112 0
piece 30 0 112 110 94 -57 -81 0
piece 31 102 175 182 130 -263 -105 0
piece 31 0 300 148 154 -83 -135 0
piece 29 114 89 286 64 -264 -149 0
frame 115 7 -27 -117 31 5 0 0 0 0
piece 32 7 2 312 80 -272 -102 0
piece 30 110 112 80 100 -43 -89 0
piece 27 352 481 44 46 -293 -85 0
piece 31 0 453 160 96 -309 -106 0
piece 31 148 307 136 146 -150 -162 0
piece 29 0 157 134 108 -311 -132 0
piece 29 134 156 178 50 -180 -134 0
frame 116 7 -27 -117 31 5 0 0 0 0
piece 32 1 85 244 48 -209 -117 0
piece 30 190 126 94 94 -48 -83 0
piece 32 2 134 222 42 -183 -16 0
piece 32 245 84 64 38 22 -79 1
piece 33 0 0 174 120 -278 -122 0
piece 29 256 210 144 158 -287 -131 0
piece 29 310 148 90 58 -158 -28 0
frame 117 10 -27 -117 31 5 0 0 0 0
piece 32 0 176 190 42 -82 -126 0
piece 32 223 134 96 178 -28 -87 1
piece 30 288 114 68 82 -29 -81 0
piece 30 287 200 24 32 -52 -22 0
piece 34 375 158 18 6 12 -49 0
piece 33 272 0 128 72 -203 -140 0
piece 33 99 120 88 59 -77 -139 0
piece 33 178 0 94 110 -295 -139 0
piece 29 0 332 260 62 -199 -27 0
piece 29 134 206 112 128 -303 -108 0
frame 118 5 -27 -117 31 5 -44 -118 229 32
piece 30 0 208 110 68 -58 -57 0
piece 32 2 216 150 100 -2 -108 0
piece 33 218 179 182 78 -76 -144 0
piece 33 1 179 216 104 -291 -148 0
piece 29 3 397 390 74 -275 -43 0
frame 119 10 -27 -117 31 5 0 0 0 0
piece 32 2 318 168 62 -56 -101 0
piece 32 159 226 56 80 109 -85 0
piece 30 0 208 110 68 -58 -57 0
piece 33 218 257 182 141 12 -142 0
piece 35 0 0 260 246 28 -179 0
piece 32 201 328 118 29 -2 -29 0
piece 33 5 278 162 86 -149 -146 0
piece 33 0 505 126 94 -142 -170 3
piece 36 1 0 168 126 40 -97 0
piece 36 0 126 140 72 -99 -24 0
frame 120 11 -27 -117 31 5 0 0 0 0
piece 32 100 380 70 74 -13 -34 0
piece 30 0 208 110 68 -58 -57 0
piece 36 141 129 130 60 -123 -20 0
piece 35 0 246 260 160 58 -146 0
piece 32 4 380 96 58 -114 -87 0
piece 32 173 358 146 56 -18 -93 0
piece 32 170 415 78 38 54 6 0
piece 32 249 415 68 84 129 -42 1
piece 33 272 74 128 100 126 -92 1
piece 33 0 369 168 128 -41 -153 0
piece 36 169 2 150 120 5 -92 0
frame 121 11 -27 -117 31 5 0 0 0 0
piece 32 166 451 80 88 -51 -35 0
piece 35 0 406 260 110 57 -128 0
piece 32 1 438 96 40 78 -1 0
piece 32 0 478 158 74 -175 -107 0
piece 30 0 208 110 68 -58 -57 0
piece 36 143 188 128 74 -85 -141 0
piece 36 0 198 134 154 41 -143 0
piece 32 250 503 64 26 17 12 0
piece 33 0 505 126 94 -83 -160 0
piece 33 295 427 102 150 111 -113 0
piece 33 184 400 110 196 -84 -127 3
frame 122 14 -27 -117 31 5 0 0 0 0
piece 30 110 214 76 74 -40 -79 0
piece 30 313 200 24 18 -45 -9 0
piece 30 320 221 20 12 4 -8 0
piece 32 176 535 60 54 -149 -95 0
piece 32 239 533 78 66 -99 -38 0
piece 32 3 562 148 34 -104 -64 0
piece 37 0 0 98 86 -112 -40 0
piece 37 98 3 216 51 -16 3 0
piece 37 256 93 58 86 80 -12 1
piece 36 0 353 128 114 -160 -154 0
piece 36 142 263 190 80 -34 -154 0
piece 36 275 170 54 36 74 -142 0
piece 38 0 0 240 118 90 -128 0
piece 36 274 127 56 34 -60 -144 0
frame 123 6 -27 -117 31 5 0 0 0 0
piece 38 0 118 240 130 60 -135 0
piece 30 205 220 53 62 -29 -97 0
piece 30 280 234 74 48 -44 -35 0
piece 37 120 54 136 154 -82 -99 0
piece 36 129 358 202 72 -176 -113 0
piece 39 0 0 29 45 6 -91 0
frame 124 3 -27 -117 31 5 0 0 0 0
piece 40 0 0 56 52 1 -106 0
piece 41 78 0 62 92 -25 -97 0
piece 41 105 92 24 18 2 -5 0
frame 125 2 -27 -117 31 5 0 0 0 0
piece 40 56 0 40 56 7 -110 0
piece 41 140 0 60 114 -25 -102 0
frame 126 3 -27 -117 31 5 0 0 0 0
piece 40 102 1 38 52 3 -107 0
piece 41 200 0 46 116 -24 -108 0
piece 41 246 36 12 14 22 -72 0
frame 127 4 -27 -117 31 5 0 0 0 0
piece 40 140 0 46 20 -12 -117 0
piece 41 260 0 54 64 -26 -115 0
piece 41 256 64 76 62 -30 -51 0
piece 40 140 24 42 40 -16 -68 0
frame 128 3 -27 -117 31 5 0 0 0 0
piece 40 186 0 44 20 30 -101 0
piece 41 1 104 88 110 -39 -100 0
piece 40 189 22 50 36 -33 -35 0
frame 129 7 -27 -117 31 5 0 0 0 0
piece 40 239 0 34 54 -64 -48 0
piece 40 273 0 34 54 19 -31 0
piece 41 89 114 98 88 -54 -76 0
piece 42 0 0 88 74 37 -54 0
piece 42 88 0 44 66 86 -120 0
piece 43 0 0 126 62 -51 -48 0
piece 43 126 0 32 48 41 -92 0
frame 130 6 -27 -117 31 5 0 0 0 0
piece 41 187 116 70 114 -43 -113 0
piece 44 2 3 32 40 -68 -105 0
piece 42 132 0 114 82 -24 -53 0
piece 40 0 64 44 64 -39 -40 0
piece 43 158 0 146 86 -81 -94 0
piece 40 316 0 44 65 -89 -86 0
frame 131 9 -27 -117 31 5 0 0 0 0
piece 41 257 126 74 122 -34 -161 0
piece 44 36 2 86 36 -63 -189 0
piece 44 123 1 50 56 -73 -70 0
piece 42 246 0 154 102 -77 -80 0
piece 42 383 106 16 58 77 -94 0
piece 43 304 0 80 138 -89 -186 0
piece 40 132 64 60 64 -91 -54 0
piece 43 315 141 80 36 -34 -79 0
piece 40 132 64 60 64 -90 -186 0
frame 132 9 -27 -117 31 5 0 0 0 0
piece 41 0 214 116 110 -55 -192 0
piece 44 176 5 114 50 -144 -197 0
piece 44 0 52 66 132 47 -240 0
piece 42 0 74 100 208 -177 -183 0
piece 42 0 282 94 64 -79 -25 0
piece 43 0 62 144 114 -41 -270 0
piece 43 146 86 54 118 -93 -234 0
piece 40 50 63 74 64 37 -273 0
piece 40 132 64 60 64 -175 -180 0
frame 133 12 -27 -117 31 5 0 0 0 0
piece 41 118 204 84 84 -42 -185 0
piece 41 205 239 48 70 -27 -106 0
piece 44 71 57 114 70 -138 -198 0
piece 44 185 58 62 126 -153 -141 0
piece 44 247 55 46 72 34 -182 0
piece 40 123 130 64 50 -113 -40 0
piece 42 100 102 230 158 -148 -155 0
piece 43 65 256 98 154 -26 -309 0
piece 43 65 176 80 80 -104 -321 0
piece 43 0 185 65 96 -168 -298 0
piece 40 192 63 64 64 8 -213 0
piece 42 338 236 62 102 8 -257 0
frame 134 8 -27 -117 31 5 0 0 0 0
piece 45 1 1 360 236 -123 -125 0
piece 46 8 0 392 238 -125 -188 0
piece 47 133 0 126 82 -57 -68 0
piece 40 197 137 38 68 37 -49 0
piece 42 99 260 240 228 -123 -227 0
piece 42 13 356 82 164 8 -145 0
piece 43 166 205 234 204 -108 -168 0
piece 43 200 183 154 22 -74 -190 0
frame 135 6 -27 -117 31 5 -120 -70 282 70
piece 45 1 238 398 244 -155 -123 0
piece 45 378 1 22 186 243 -96 0
piece 47 260 0 70 82 -2 -67 0
piece 40 244 135 38 68 38 -52 0
piece 47 1 97 58 54 -59 -50 0
piece 46 10 239 386 356 -121 -301 0
frame 136 8 -27 -117 31 5 0 0 0 0
piece 48 1 1 270 260 17 -135 0
piece 49 212 398 188 132 -170 -136 0
piece 48 272 1 128 128 -110 -4 0
piece 48 338 132 60 114 -170 -4 0
piece 47 62 106 40 36 -60 -32 0
piece 47 102 82 90 70 -20 -56 0
piece 40 244 135 38 68 38 -53 0
piece 50 2 98 396 356 -141 -311 0
frame 137 6 -27 -117 31 5 0 0 0 0
piece 51 89 1 310 266 -182 -132 0
piece 51 2 268 162 264 128 -128 0
piece 47 192 81 138 76 -67 -63 0
piece 40 244 135 38 68 35 -52 0
piece 52 1 1 270 226 -79 -166 0
piece 50 69 456 256 144 -73 -309 0
frame 138 10 -27 -117 31 5 0 0 0 0
piece 53 258 5 140 264 -191 -133 0
piece 53 1 275 350 268 -51 -135 0
piece 54 138 82 136 76 -63 -59 0
piece 47 62 106 40 36 -60 -32 0
piece 47 102 82 90 70 -20 -56 0
piece 40 244 135 38 68 38 -52 0
piece 52 102 360 154 224 -52 -183 0
piece 52 101 228 154 130 -53 -312 0
piece 52 259 360 58 216 101 -175 0
piece 52 323 359 72 136 101 -310 0
frame 139 10 -27 -117 31 5 0 0 0 0
piece 55 2 238 83 195 211 -97 0
piece 55 1 1 398 235 -187 -131 0
piece 54 275 81 124 76 -63 -59 0
piece 54 1 166 12 66 61 -52 0
piece 47 62 106 40 36 -60 -32 0
piece 47 102 82 90 70 -20 -56 0
piece 40 244 135 38 68 38 -52 0
piece 56 209 1 142 324 19 -294 0
piece 56 99 332 68 186 -49 -156 0
piece 56 19 332 68 136 -49 -291 0
frame 140 8 -27 -117 31 5 0 0 0 0
piece 55 89 238 310 210 -149 -109 0
piece 57 1 1 96 190 161 -91 0
piece 54 14 166 134 80 -61 -64 0
piece 47 260 0 70 82 -2 -67 0
piece 47 1 97 58 54 -59 -50 0
piece 40 244 135 38 68 38 -53 0
piece 56 2 519 172 56 -36 -38 0
piece 56 175 332 194 268 -41 -305 0
frame 141 5 -27 -117 31 5 0 0 0 0
piece 57 3 194 92 186 162 -87 0
piece 57 98 1 302 212 -139 -108 0
piece 47 1 152 124 98 -56 -69 0
piece 40 244 135 38 68 38 -51 0
piece 58 1 1 186 266 -56 -302 0
frame 142 5 -27 -117 31 5 0 0 0 0
piece 57 3 386 82 170 159 -82 0
piece 57 99 215 300 212 -141 -106 0
piece 47 125 157 102 90 -40 -75 0
piece 40 290 135 58 68 26 -62 0
piece 58 194 1 164 270 -34 -301 0
frame 143 8 -27 -117 31 5 0 0 0 0
piece 59 219 70 75 27 168 4 0
piece 57 100 428 300 128 -130 -107 0
piece 59 1 0 298 66 -128 20 0
piece 59 300 8 72 80 169 -76 0
piece 59 148 70 72 28 168 28 0
piece 47 228 157 80 104 -26 -87 0
piece 40 0 203 92 66 -3 -62 0
piece 58 2 270 182 212 -54 -309 0
frame 144 4 -27 -117 31 5 0 0 0 0
piece 59 3 289 370 184 -122 -104 0
piece 41 253 248 78 74 -19 -86 0
piece 41 129 289 64 36 -32 -23 0
piece 40 100 206 100 62 -5 -62 0
frame 145 5 -27 -117 31 5 0 0 0 0
piece 60 71 1 254 154 -77 -80 0
piece 47 1 2 76 94 -29 -95 0
piece 47 85 42 32 36 -41 -28 0
piece 54 376 291 24 14 -42 0 0
piece 40 204 205 100 62 -16 -76 0
frame 146 3 -27 -117 31 5 0 0 0 0
piece 61 0 0 77 74 -34 -69 0
piece 62 0 2 62 116 -43 -106 0
piece 63 0 0 24 36 -45 -89 0
frame 147 3 -27 -117 31 5 0 0 0 0
piece 62 62 2 64 124 -44 -113 0
piece 63 24 0 26 32 -64 -114 0
piece 64 0 0 161 80 -79 -99 0
frame 148 4 -27 -117 31 5 0 0 0 0
piece 62 126 1 58 134 -36 -123 0
piece 63 50 0 54 26 -79 -143 0
piece 64 161 0 80 68 -124 -133 0
piece 64 242 9 158 72 -108 -77 0
frame 149 6 -27 -117 31 5 0 0 0 0
piece 62 184 2 54 132 -20 -114 0
piece 63 104 0 62 76 -30 -185 0
piece 63 166 0 14 20 -26 -67 0
piece 64 0 80 120 60 -110 -196 0
piece 64 120 80 130 134 -108 -148 0
piece 65 0 0 104 66 -34 -52 0
frame 150 8 -27 -117 31 5 0 0 0 0
piece 65 0 74 154 72 -77 -45 0
piece 65 216 2 84 86 74 -74 0
piece 65 104 3 112 66 -85 -109 0
piece 63 181 1 36 18 -43 -94 0
piece 63 217 0 42 98 42 -187 0
piece 64 250 81 150 120 -61 -249 0
piece 64 1 141 72 192 -132 -228 0
piece 62 239 1 78 118 -33 -101 0
frame 151 10 -27 -117 31 5 -81 -162 177 27
piece 65 0 146 156 98 -102 -79 0
piece 62 317 1 80 104 -34 -87 0
piece 63 259 0 64 98 -30 -166 0
piece 63 323 0 76 66 26 -49 0
piece 65 306 132 58 98 52 -70 0
piece 65 310 16 64 114 110 -125 0
piece 64 139 294 152 76 30 -56 0
piece 64 0 333 138 122 52 -169 0
piece 64 73 214 252 80 -101 -232 0
piece 65 156 88 136 108 -107 -182 0
frame 152 11 -27 -117 31 5 0 0 0 0
piece 62 0 118 50 114 -23 -95 0
piece 63 2 40 90 52 -83 -62 0
piece 63 132 99 104 112 18 -125 0
piece 64 325 201 74 140 -90 -75 0
piece 64 145 370 128 132 -19 -60 0
piece 64 280 341 108 178 90 -130 0
piece 64 149 503 78 38 111 -166 0
piece 64 0 457 112 64 47 -230 0
piece 65 256 238 136 88 16 -173 0
piece 65 0 244 240 84 -96 -251 0
piece 65 268 326 132 160 -101 -175 0
frame 153 11 -27 -117 31 5 0 0 0 0
piece 62 50 126 72 112 -39 -96 0
piece 63 237 98 98 60 -42 -52 0
piece 63 0 92 104 34 -112 -152 0
piece 63 104 101 28 74 -8 -143 0
piece 65 0 328 74 190 -121 -226 0
piece 66 0 0 212 88 -208 -165 0
piece 66 0 88 122 164 -211 -87 0
piece 66 212 0 188 95 -137 -8 0
piece 65 74 328 194 110 -47 -87 0
piece 65 73 447 140 80 9 -153 0
piece 65 226 486 174 72 -48 -225 0
frame 154 11 -27 -117 31 5 0 0 0 0
piece 62 122 135 100 116 -55 -102 0
piece 63 0 126 104 84 -152 -114 0
piece 63 132 99 104 112 17 -114 0
piece 67 297 0 102 156 18 -202 0
piece 68 134 162 120 84 24 -146 0
piece 68 152 66 248 96 -116 -235 0
piece 67 198 0 100 146 5 -76 0
piece 68 275 162 120 84 17 -83 0
piece 68 110 109 42 58 -158 -191 0
piece 67 0 0 76 158 -161 -115 0
piece 67 82 0 110 138 -97 -76 0
frame 155 12 -27 -117 31 5 -174 -193 212 26
piece 62 222 134 90 122 -38 -110 0
piece 63 106 234 38 74 13 -174 0
piece 63 0 210 136 24 -93 -198 0
piece 63 144 211 74 68 -10 -41 0
piece 67 164 146 64 72 -10 -212 0
piece 68 2 327 164 92 -15 -57 0
piece 68 0 420 134 138 28 -182 0
piece 68 0 246 118 82 -154 -228 0
piece 67 232 155 168 58 -107 -30 0
piece 67 0 157 164 82 -174 -201 0
piece 67 0 239 98 150 -177 -129 0
piece 68 132 246 172 58 -38 -234 0
frame 156 13 -27 -117 31 5 0 0 0 0
piece 62 312 105 78 108 -29 -90 0
piece 63 303 255 82 48 37 -83 0
piece 63 358 211 38 44 92 -127 0
piece 63 303 210 44 22 -43 -87 0
piece 63 219 210 84 74 -127 -87 0
piece 68 168 324 128 146 -133 -75 0
piece 68 316 450 76 112 -10 -52 0
piece 68 308 251 92 198 52 -152 0
piece 68 150 475 166 80 -33 -229 0
piece 67 164 331 142 120 17 -169 0
piece 67 182 218 218 82 -67 -243 0
piece 67 8 389 66 80 -108 -247 0
piece 67 97 243 66 210 -173 -221 0
frame 157 10 -27 -117 31 5 0 0 0 0
piece 67 288 504 106 96 -18 -105 0
piece 62 0 232 62 106 -31 -92 0
piece 63 110 315 34 104 12 -166 0
piece 63 2 308 108 26 -96 -173 0
piece 66 0 0 212 88 -182 -186 0
piece 66 0 88 122 164 -185 -108 0
piece 66 212 0 188 95 -111 -30 0
piece 67 306 298 94 206 59 -218 0
piece 67 100 454 164 146 -100 -253 0
piece 67 3 469 80 100 -172 -246 0
frame 158 8 -27 -117 31 5 0 0 0 0
piece 63 210 284 92 98 2 -141 0
piece 63 144 285 66 40 -77 -78 0
piece 69 209 0 158 126 -86 -78 0
piece 69 130 0 72 178 65 -143 0
piece 69 2 0 128 82 -10 -223 0
piece 62 62 238 52 114 -29 -101 0
piece 66 122 95 270 156 -128 -249 0
piece 66 0 252 82 190 -206 -213 0
frame 159 12 -27 -117 31 5 -129 -177 204 33
piece 63 324 327 42 70 -17 -177 0
piece 63 310 311 74 16 -86 -179 0
piece 63 0 334 110 58 -57 -77 0
piece 69 328 133 72 214 34 -198 0
piece 69 134 178 182 90 -135 -51 0
piece 66 82 323 190 96 -51 -101 0
piece 66 272 323 128 88 14 -173 0
piece 66 82 251 280 72 -152 -232 0
piece 69 0 170 134 86 -152 -191 0
piece 62 188 309 20 66 23 -55 0
piece 69 191 269 127 72 -155 -121 0
piece 62 114 251 74 120 -51 -113 0
frame 160 15 -27 -117 31 5 0 0 0 0
piece 66 86 522 114 72 -57 -34 0
piece 66 204 493 108 94 -51 -118 0
piece 66 320 423 80 176 54 -163 0
piece 66 82 419 212 74 -88 -230 0
piece 62 208 256 82 126 -38 -121 0
piece 62 269 382 22 6 23 5 0
piece 70 32 66 60 30 36 -70 0
piece 70 92 0 28 96 96 -136 0
piece 70 32 0 60 24 -87 -138 0
piece 70 0 0 32 82 -119 -138 0
piece 66 0 442 82 158 -122 -142 0
piece 69 218 362 104 150 24 -189 0
piece 69 1 256 127 84 -60 -267 0
piece 69 128 270 62 70 67 -253 0
piece 69 322 347 78 210 -121 -257 0
frame 161 10 -27 -117 31 5 0 0 0 0
piece 71 0 88 204 78 -132 -45 0
piece 62 290 245 84 134 -38 -120 0
piece 70 120 0 96 80 -63 -195 0
piece 70 222 1 88 48 10 -63 0
piece 71 0 0 180 88 -150 -202 0
piece 71 180 0 150 90 -153 -133 0
piece 71 337 0 62 206 69 -189 0
piece 69 136 440 88 118 53 -251 0
piece 69 0 341 206 98 -148 -261 0
piece 69 1 440 134 118 12 -135 0
frame 162 11 -27 -117 31 5 0 0 0 0
piece 62 0 343 84 98 -34 -89 0
piece 70 56 100 44 30 -48 -108 0
piece 70 0 100 56 52 -104 -108 0
piece 70 100 80 96 66 43 -116 0
piece 72 2 87 96 166 44 -124 0
piece 72 135 0 88 126 44 -244 0
piece 71 0 255 152 134 11 -181 0
piece 71 5 166 218 84 -59 -259 0
piece 71 232 90 88 210 -147 -255 0
piece 72 0 0 134 82 -121 -118 0
piece 72 224 0 176 102 -113 -51 0
frame 163 9 -27 -117 31 5 -110 -177 230 51
piece 62 317 1 80 104 -34 -87 0
piece 63 259 0 64 98 -30 -166 0
piece 63 323 0 76 66 26 -49 0
piece 72 270 101 130 206 5 -156 0
piece 64 139 294 152 76 30 -56 0
piece 64 0 333 138 122 52 -169 0
piece 64 73 214 252 80 -101 -232 0
piece 72 98 127 150 102 -118 -177 0
piece 72 0 253 138 128 -125 -79 0
frame 164 11 -27 -117 31 5 0 0 0 0
piece 62 0 118 50 114 -23 -95 0
piece 63 2 40 90 52 -83 -62 0
piece 63 132 99 104 112 18 -125 0
piece 64 325 201 74 140 -90 -75 0
piece 64 145 370 128 132 -19 -60 0
piece 64 280 341 108 178 90 -130 0
piece 64 149 503 78 38 110 -166 0
piece 64 0 457 112 64 45 -230 0
piece 65 256 238 136 88 16 -173 0
piece 65 0 244 240 84 -96 -251 0
piece 65 268 326 132 160 -101 -175 0
frame 165 12 -27 -117 31 5 -176 -193 200 32
piece 62 222 134 90 122 -38 -110 0
piece 63 106 234 38 74 13 -174 0
piece 63 0 210 136 24 -93 -198 0
piece 63 144 211 74 68 -10 -41 0
piece 67 164 146 64 72 -10 -212 0
piece 68 2 327 164 92 -17 -56 0
piece 68 0 420 134 138 26 -181 0
piece 68 0 246 118 82 -156 -227 0
piece 67 232 155 168 58 -107 -30 0
piece 67 0 157 164 82 -174 -201 0
piece 67 0 239 98 150 -177 -129 0
piece 68 132 246 172 58 -40 -233 0
frame 166 13 -27 -117 31 5 0 0 0 0
piece 62 312 105 78 108 -29 -90 0
piece 63 303 255 82 48 37 -83 0
piece 63 358 211 38 44 92 -127 0
piece 63 303 210 44 22 -43 -87 0
piece 63 219 210 84 74 -127 -87 0
piece 68 168 324 128 146 -133 -75 0
piece 68 316 450 76 112 -10 -52 0
piece 68 308 251 92 198 52 -152 0
piece 68 150 475 166 80 -33 -229 0
piece 67 164 331 142 120 17 -169 0
piece 67 182 218 218 82 -67 -243 0
piece 67 8 389 66 80 -108 -247 0
piece 67 97 243 66 210 -173 -222 0
frame 167 10 -27 -117 31 5 0 0 0 0
piece 71 0 88 204 78 -132 -45 0
piece 62 290 245 84 134 -38 -120 0
piece 70 120 0 96 80 -63 -195 0
piece 70 222 1 88 48 10 -63 0
piece 71 0 0 180 88 -150 -202 0
piece 71 180 0 150 90 -153 -133 0
piece 71 337 0 62 206 69 -189 0
piece 69 1 440 134 118 12 -135 0
piece 69 136 440 88 118 53 -251 0
piece 69 0 341 206 98 -148 -261 0
frame 168 11 -27 -117 31 5 0 0 0 0
piece 62 0 343 84 98 -34 -89 0
piece 70 56 100 44 30 -48 -108 0
piece 70 0 100 56 52 -104 -108 0
piece 70 100 80 96 66 43 -116 0
piece 72 2 87 96 166 44 -124 0
piece 72 135 0 88 126 44 -244 0
piece 71 0 255 152 134 11 -181 0
piece 71 5 166 218 84 -59 -259 0
piece 71 232 90 88 210 -147 -256 0
piece 72 0 0 134 82 -121 -118 0
piece 72 224 0 176 102 -113 -51 0
frame 169 10 -27 -117 31 5 0 0 0 0
piece 62 84 374 74 130 -38 -123 0
piece 70 262 78 26 100 -11 -220 0
piece 70 200 81 62 24 -73 -217 0
piece 70 235 56 66 22 6 -56 0
piece 72 0 381 88 148 -154 -240 0
piece 72 88 381 184 78 -75 -246 0
piece 71 152 300 176 86 -151 -226 0
piece 71 320 230 80 98 -162 -142 0
piece 71 0 395 130 76 -145 -44 0
piece 72 138 238 132 144 4 -170 0
frame 170 6 -27 -117 31 5 0 0 0 0
piece 70 0 155 76 70 -21 -77 0
piece 70 76 148 44 108 21 -196 0
piece 71 0 502 108 90 -29 -160 0
piece 62 158 382 70 112 -36 -105 0
piece 71 130 386 206 98 -133 -250 0
piece 72 272 307 128 230 11 -213 0
frame 171 7 -27 -117 31 5 0 0 0 0
piece 70 120 146 84 88 -57 -70 0
piece 71 108 504 156 96 -92 -138 0
piece 62 228 388 110 106 -59 -104 0
piece 71 336 328 64 134 -2 -256 0
piece 71 266 516 124 82 -120 -258 0
piece 72 0 530 160 70 -59 -43 0
piece 72 176 458 86 142 32 -185 0
frame 172 8 -27 -117 31 5 0 0 0 0
piece 73 0 0 150 74 -87 -88 0
piece 62 338 379 62 104 -74 -101 0
piece 62 338 484 62 82 -13 -87 0
piece 70 204 147 42 104 -83 -74 0
piece 73 148 0 76 116 4 -195 0
piece 74 0 0 54 138 -95 -63 0
piece 74 196 84 92 106 -42 -19 0
piece 74 62 0 54 128 50 -79 0
frame 173 6 -27 -117 31 5 0 0 0 0
piece 62 157 504 68 72 -65 -115 0
piece 62 233 503 96 74 -39 -72 0
piece 70 0 256 114 110 -142 -172 0
piece 73 50 74 110 158 -158 -177 0
piece 74 0 132 126 58 -163 -139 0
piece 74 288 66 112 138 -169 -81 0
frame 174 10 -27 -117 31 5 0 0 0 0
piece 75 0 1 94 92 -37 -108 0
piece 70 132 252 114 46 23 -239 0
piece 73 169 116 230 118 -123 -267 0
piece 73 0 226 70 140 -193 -232 0
piece 73 71 233 156 92 -203 -107 0
piece 75 0 93 22 14 -38 -16 0
piece 70 154 298 92 110 45 -193 0
piece 74 1 191 64 144 -198 -202 0
piece 74 69 201 114 116 -199 -59 0
piece 74 184 204 216 134 -137 -236 0
frame 175 6 -27 -117 31 5 0 0 0 0
piece 75 27 121 36 26 -35 -27 0
piece 76 0 0 164 176 84 -107 4
piece 76 0 0 164 176 248 -108 0
piece 75 96 0 132 64 -33 -57 0
piece 70 0 406 148 38 89 -52 0
piece 77 0 0 172 220 173 -208 0
frame 176 6 -27 -117 31 5 0 0 0 0
piece 76 164 0 221 221 247 -143 0
piece 76 164 0 221 221 26 -143 4
piece 75 234 0 106 58 -11 -53 0
piece 75 0 110 26 22 -36 -26 0
piece 70 154 408 140 32 87 -28 0
piece 77 176 0 259 269 105 -246 0
frame 177 7 -27 -117 31 5 0 0 0 0
piece 76 0 247 206 235 248 -136 0
piece 76 0 247 206 235 42 -135 4
piece 75 63 96 92 58 1 -51 0
piece 75 27 121 36 26 -35 -26 0
piece 70 155 444 140 26 86 -21 0
piece 61 100 0 81 64 199 -35 0
piece 77 0 270 255 283 120 -259 0
frame 178 6 -27 -117 31 5 0 0 0 0
piece 76 212 257 213 203 34 -116 4
piece 76 212 257 213 203 247 -116 0
piece 75 71 154 64 52 -34 -47 0
piece 75 135 148 68 58 30 -53 0
piece 70 0 366 150 24 83 -18 0
piece 77 255 284 229 316 146 -291 0
frame 179 7 -27 -117 31 5 0 0 0 0
piece 76 0 482 202 219 46 -131 4
piece 76 0 482 202 219 248 -131 0
piece 75 71 154 64 52 -34 -45 0
piece 75 135 148 68 58 30 -51 0
piece 70 0 366 150 24 83 -16 0
piece 61 100 0 81 64 199 -34 0
piece 78 0 0 253 344 137 -310 0
frame 180 7 -27 -117 31 5 0 0 0 0
piece 75 71 154 64 52 -34 -46 0
piece 76 206 475 219 226 29 -145 4
piece 76 206 475 219 226 248 -145 0
piece 75 135 148 68 58 30 -52 0
piece 70 0 366 150 24 82 -18 0
piece 61 100 0 81 64 199 -36 0
piece 78 253 0 271 363 129 -335 0
frame 181 7 -27 -117 31 5 0 0 0 0
piece 79 0 0 206 234 42 -148 4
piece 79 0 0 206 234 248 -148 0
piece 70 0 366 150 24 83 -17 0
piece 75 71 154 64 52 -33 -45 0
piece 75 135 148 68 58 31 -51 0
piece 61 100 0 81 64 199 -34 0
piece 78 0 344 283 388 122 -382 0
frame 182 7 -27 -117 31 5 0 0 0 0
piece 75 157 65 96 68 -44 -59 0
piece 70 8 444 110 30 -37 -16 0
piece 79 206 0 210 240 41 -151 4
piece 79 206 0 210 240 245 -151 0
piece 78 283 363 298 369 114 -370 0
piece 61 0 74 71 83 -7 -55 0
piece 61 71 74 62 83 54 -33 0
frame 183 7 -27 -117 31 5 0 0 0 0
piece 61 71 74 62 83 30 -75 0
piece 75 257 65 62 62 -14 -68 0
piece 75 300 134 34 70 -42 -59 0
piece 79 0 234 206 247 42 -158 4
piece 79 0 234 206 247 248 -158 0
piece 80 0 0 290 385 107 -420 0
piece 61 0 74 71 83 -40 -75 0
frame 184 6 -27 -117 31 5 0 0 0 0
piece 75 0 149 64 52 -26 -94 0
piece 61 71 74 62 83 20 -84 0
piece 75 208 145 78 60 -39 -49 0
piece 79 206 240 210 221 248 -132 0
piece 79 206 240 210 221 38 -132 4
piece 61 0 74 71 83 -39 -94 0
frame 185 4 -27 -117 31 5 0 0 0 0
piece 0 0 0 76 103 -37 -93 0
piece 1 0 0 130 86 -43 -96 0
piece 79 207 461 209 226 249 -146 0
piece 79 207 461 209 226 40 -146 4
frame 186 2 -27 -117 31 5 0 0 0 0
piece 0 0 0 76 103 -13 -96 0
piece 1 0 0 130 86 -20 -98 0
frame 187 3 -27 -117 31 5 0 0 0 0
piece 81 80 0 80 106 -9 -104 0
piece 81 80 106 20 12 -9 2 0
piece 82 0 0 40 54 30 -105 0
frame 188 3 -27 -117 31 5 0 0 0 0
piece 81 160 0 70 106 -34 -122 0
piece 81 160 106 50 26 -34 -16 0
piece 82 41 0 58 50 -20 -125 0
frame 189 2 -27 -117 31 5 0 0 0 0
piece 81 230 0 62 100 -41 -91 0
piece 82 99 0 38 42 -28 -92 0
frame 190 3 -27 -117 31 5 0 0 0 0
piece 81 292 0 66 90 -37 -81 0
piece 83 0 0 102 118 -52 -154 0
piece 82 144 2 34 46 -31 -81 0
frame 191 3 -27 -117 31 5 0 0 0 0
piece 81 0 106 54 96 -36 -88 0
piece 83 106 14 110 210 -63 -238 0
piece 82 179 0 36 46 -33 -86 0
frame 192 3 -27 -117 31 5 0 0 0 0
piece 83 216 5 156 252 -79 -275 0
piece 81 53 118 50 106 -33 -98 0
piece 82 30 57 32 44 -28 -97 0
frame 193 4 -27 -117 31 5 0 0 0 0
piece 81 103 106 50 112 -33 -103 0
piece 83 4 223 186 302 -103 -322 0
piece 83 8 525 124 60 83 -239 3
piece 82 249 0 27 39 -32 -101 0
frame 194 4 -27 -117 31 5 0 0 0 0
piece 81 153 132 56 112 -39 -105 0
piece 83 197 249 202 350 -74 -371 0
piece 84 0 1 44 186 -118 -262 0
piece 82 276 0 22 44 -34 -101 0
frame 195 3 -27 -117 31 5 0 0 0 0
piece 81 210 100 72 110 -56 -102 0
piece 84 72 0 326 368 -116 -410 0
piece 82 298 0 22 50 -44 -96 0
frame 196 4 -27 -117 31 5 0 0 0 0
piece 84 34 382 328 218 -121 -457 0
piece 81 282 100 70 110 -50 -103 0
piece 85 14 0 200 186 -106 -239 0
piece 82 320 0 18 38 -32 -93 0
frame 197 5 -27 -117 31 5 0 0 0 0
piece 81 0 214 68 116 -46 -108 0
piece 85 215 12 160 402 41 -539 0
piece 85 8 249 178 248 -136 -463 0
piece 85 268 419 118 156 -72 -218 0
piece 82 338 0 18 40 -28 -99 0
frame 198 3 -27 -117 31 5 0 0 0 0
piece 86 5 8 338 488 -133 -555 0
piece 81 68 224 70 118 -40 -110 0
piece 82 356 1 22 44 -26 -105 0
frame 199 4 -27 -117 31 5 0 0 0 0
piece 81 138 244 76 118 -35 -110 0
piece 82 378 0 22 44 -18 -106 0
piece 87 9 0 332 314 -129 -508 0
piece 87 0 317 84 124 -24 -195 0
frame 200 5 -27 -117 31 5 0 0 0 0
piece 87 80 317 312 283 -129 -560 0
piece 88 67 0 268 96 -65 -277 0
piece 88 0 97 110 98 -37 -182 3
piece 81 214 210 76 122 -34 -115 0
piece 82 0 57 30 44 -21 -104 0
frame 201 5 -27 -117 31 5 0 0 0 0
piece 89 0 285 240 314 -54 -387 0
piece 89 239 326 160 228 -63 -543 1
piece 81 290 210 66 122 -42 -115 0
piece 81 356 251 22 18 24 -74 0
piece 82 30 57 32 44 -18 -98 0
frame 202 4 -27 -117 31 5 0 0 0 0
piece 88 0 288 238 310 -59 -379 0
piece 88 199 122 196 160 -38 -536 0
piece 81 0 330 86 118 -49 -109 0
piece 82 62 51 34 44 -18 -92 0
frame 203 8 -27 -117 31 5 0 0 0 0
piece 90 0 6 206 314 -18 -317 0
piece 81 86 362 98 72 -50 -63 0
piece 88 237 288 140 300 12 -617 0
piece 82 96 46 22 28 23 -66 0
piece 91 9 285 316 284 -202 -173 0
piece 91 0 18 310 262 114 -152 0
piece 81 86 362 98 72 -50 -63 0
piece 92 7 10 388 478 -88 -396 0
frame 204 9 -27 -117 31 5 -234 -97 247 80
piece 81 184 361 102 72 -51 -62 0
piece 90 0 326 206 274 -17 -255 0
piece 93 64 109 20 26 26 -86 0
piece 90 216 36 184 292 -20 -533 0
piece 82 118 48 48 28 -1 -68 0
piece 94 0 6 326 280 112 -156 0
piece 94 0 301 328 290 -215 -141 0
piece 81 184 361 102 72 -51 -62 0
piece 95 11 3 388 468 -84 -373 0
frame 205 8 -27 -117 31 5 0 0 0 0
piece 81 286 332 92 76 -51 -69 0
piece 81 357 87 20 42 38 -56 0
piece 96 0 8 192 228 -6 -190 0
piece 93 90 109 28 22 50 -51 0
piece 90 232 396 168 164 -2 -354 0
piece 97 0 11 328 268 -218 -155 0
piece 97 0 289 324 282 110 -162 0
piece 98 13 27 376 442 -76 -367 0
frame 206 8 -27 -117 31 5 0 0 0 0
piece 96 187 11 212 226 -7 -295 0
piece 96 210 237 162 118 16 -69 0
piece 81 0 448 108 88 -51 -78 0
piece 93 118 104 36 44 8 -86 0
piece 82 210 47 36 14 2 -85 0
piece 99 0 8 328 274 -219 -157 0
piece 99 0 291 324 280 109 -152 0
piece 100 25 24 360 442 -66 -359 0
frame 207 7 -27 -117 31 5 0 0 0 0
piece 96 0 237 210 362 -10 -278 0
piece 81 108 434 104 102 -50 -85 0
piece 93 157 108 26 20 10 -90 0
piece 82 246 47 38 48 -2 -92 0
piece 101 0 0 328 262 -218 -136 0
piece 101 0 272 322 270 110 -137 0
piece 102 22 22 354 422 -73 -340 0
frame 208 8 -27 -117 31 5 0 0 0 0
piece 81 212 433 96 102 -51 -92 0
piece 93 183 106 34 44 0 -95 0
piece 96 209 354 182 246 -3 -217 0
piece 103 0 0 188 110 29 -316 0
piece 82 284 50 24 48 -1 -94 0
piece 104 0 0 328 262 -215 -138 0
piece 104 0 266 324 266 109 -137 0
piece 105 20 9 358 412 -69 -330 0
frame 209 8 -27 -117 31 5 0 0 0 0
piece 81 308 408 70 104 -50 -96 0
piece 103 204 1 196 374 -33 -349 0
piece 93 231 115 8 10 1 -98 0
piece 81 355 178 20 38 18 -97 0
piece 82 308 50 34 48 -20 -98 0
piece 106 0 0 314 210 109 -139 0
piece 106 0 226 306 248 -185 -143 0
piece 107 48 0 302 388 -53 -346 0
frame 210 6 -27 -117 31 5 0 0 0 0
piece 108 0 0 248 108 -39 -50 0
piece 109 0 0 98 92 -50 -83 0
piece 103 0 111 188 390 -24 -330 0
piece 82 30 57 32 44 -3 -71 0
piece 110 0 0 226 306 -5 -331 0
piece 111 0 4 392 548 73 -421 0
frame 211 6 -27 -117 31 5 0 0 0 0
piece 108 0 108 248 108 -45 -53 0
piece 109 98 0 106 84 -50 -75 0
piece 103 188 377 188 222 -14 -188 0
piece 112 0 0 166 178 -12 -360 0
piece 82 62 51 34 44 6 -59 0
piece 113 9 11 384 532 77 -397 0
frame 212 5 -27 -117 31 5 -107 -97 285 32
piece 108 12 221 226 100 -28 -44 0
piece 109 204 0 100 78 -50 -66 0
piece 112 190 0 174 324 -16 -268 0
piece 82 62 51 34 44 6 -58 0
piece 114 0 5 398 482 67 -392 0
frame 213 5 -27 -117 31 5 0 0 0 0
piece 108 48 322 164 86 4 -38 0
piece 109 0 92 100 96 -50 -89 0
piece 112 0 178 168 350 -6 -265 0
piece 82 30 57 32 44 1 -80 0
piece 115 11 7 378 480 78 -378 0
frame 214 6 -27 -117 31 5 0 0 0 0
piece 109 100 84 90 108 -50 -101 0
piece 112 186 324 178 276 -16 -230 0
piece 112 14 530 145 65 5 -294 0
piece 82 0 57 30 44 -6 -92 0
piece 108 50 424 156 80 5 -32 0
piece 116 7 12 384 452 72 -343 0
frame 215 4 -27 -117 31 5 0 0 0 0
piece 117 0 3 200 348 -24 -302 0
piece 109 190 84 76 108 -45 -99 0
piece 82 30 57 32 44 -11 -92 0
piece 118 9 10 376 444 68 -343 0
frame 216 7 -27 -117 31 5 0 0 0 0
piece 109 266 78 102 72 -50 -64 0
piece 90 0 6 206 314 -18 -317 0
piece 88 237 288 140 300 12 -617 0
piece 93 38 106 24 28 25 -64 0
piece 108 0 0 248 108 -35 -50 0
piece 119 42 0 358 448 77 -358 0
piece 111 0 4 392 548 -304 -383 4
frame 217 7 -27 -117 31 5 -105 -81 292 65
piece 90 0 326 206 274 -17 -255 0
piece 90 216 36 184 292 -20 -533 0
piece 81 184 361 102 72 -51 -62 0
piece 108 0 108 248 108 -41 -53 0
piece 93 64 109 20 26 33 -54 0
piece 120 2 0 266 338 165 -316 0
piece 113 9 11 384 532 -297 -361 4
frame 218 7 -27 -117 31 5 0 0 0 0
piece 81 286 332 92 76 -51 -69 0
piece 96 187 11 212 226 -7 -295 0
piece 81 357 87 20 42 38 -56 0
piece 93 90 109 28 22 18 -75 0
piece 96 210 237 162 118 16 -69 0
piece 108 12 221 226 100 -24 -44 0
piece 114 0 5 398 482 -300 -353 4
frame 219 6 -27 -117 31 5 0 0 0 0
piece 96 209 354 182 246 -3 -217 0
piece 103 0 0 188 110 29 -316 0
piece 81 0 448 108 88 -51 -78 0
piece 93 118 104 36 44 5 -84 0
piece 108 48 322 164 86 9 -40 0
piece 115 11 7 378 480 -292 -339 4
frame 220 5 -27 -117 31 5 0 0 0 0
piece 103 204 1 196 374 -33 -349 0
piece 81 212 433 96 102 -51 -92 0
piece 93 157 108 26 20 10 -95 0
piece 108 50 424 156 80 11 -35 0
piece 116 7 12 384 452 -287 -312 4
frame 221 6 -27 -117 31 5 0 0 0 0
piece 109 0 0 98 92 -50 -83 0
piece 121 12 13 134 80 37 -57 0
piece 103 0 111 188 390 -24 -330 0
piece 82 30 57 32 44 0 -70 0
piece 118 9 10 376 444 -287 -316 4
piece 92 7 10 388 478 -122 -347 0
frame 222 6 -27 -117 31 5 -154 -96 143 49
piece 103 188 377 188 222 -14 -188 0
piece 112 0 0 166 178 -12 -360 0
piece 109 98 0 106 84 -50 -75 0
piece 93 46 137 42 36 0 -60 0
piece 119 42 0 358 448 -275 -324 4
piece 95 11 3 388 468 -119 -327 0
frame 223 5 -27 -117 31 5 0 0 0 0
piece 112 190 0 174 324 -16 -268 0
piece 109 204 0 100 78 -50 -66 0
piece 93 88 148 44 36 -2 -57 0
piece 120 2 0 266 338 -276 -307 4
piece 98 13 27 376 442 -118 -324 0
frame 224 4 -27 -117 31 5 0 0 0 0
piece 112 0 178 168 350 -6 -265 0
piece 109 0 92 100 96 -50 -89 0
piece 93 135 148 42 38 -3 -72 0
piece 100 25 24 360 442 -108 -316 0
frame 225 5 -27 -117 31 5 0 0 0 0
piece 109 100 84 90 108 -50 -101 0
piece 112 186 324 178 276 -16 -230 0
piece 112 14 530 145 65 5 -294 0
piece 82 30 57 32 44 -9 -89 0
piece 102 22 22 354 422 -120 -298 0
frame 226 4 -27 -117 31 5 0 0 0 0
piece 109 190 84 76 108 -45 -99 0
piece 117 0 3 200 348 -24 -302 0
piece 82 30 57 32 44 -11 -92 0
piece 105 20 9 358 412 -111 -316 0
frame 227 7 -27 -117 31 5 0 0 0 0
piece 109 266 78 102 72 -50 -64 0
piece 90 0 6 206 314 -18 -317 0
piece 88 237 288 140 300 12 -617 0
piece 93 38 106 24 28 24 -63 0
piece 108 0 0 248 108 -22 -49 0
piece 111 0 4 392 548 73 -421 0
piece 107 48 0 302 388 -84 -328 0
frame 228 6 -27 -117 31 5 -295 -74 62 65
piece 90 0 326 206 274 -17 -255 0
piece 81 184 361 102 72 -51 -62 0
piece 93 64 109 20 26 33 -54 0
piece 90 216 36 184 292 -20 -533 0
piece 108 0 108 248 108 -26 -52 0
piece 113 9 11 384 532 77 -397 0
frame 229 7 -27 -117 31 5 0 0 0 0
piece 108 12 221 226 100 -9 -42 0
piece 117 202 0 198 268 -3 -335 0
piece 117 214 268 186 118 9 -67 0
piece 109 293 150 88 58 -50 -51 0
piece 93 0 183 36 30 18 -53 0
piece 109 315 6 14 56 38 -47 0
piece 114 0 5 398 482 67 -392 0
frame 230 7 -27 -117 31 5 0 0 0 0
piece 117 7 354 212 246 -12 -183 0
piece 117 220 429 176 92 24 -271 0
piece 109 293 212 88 48 -49 -37 0
piece 109 340 10 14 44 39 -33 0
piece 93 43 181 26 10 25 -40 0
piece 108 48 322 164 86 23 -37 0
piece 115 11 7 378 480 78 -378 0
frame 231 5 -27 -117 31 5 0 0 0 0
piece 109 1 269 102 52 -49 -33 0
piece 122 6 0 190 294 -24 -256 0
piece 82 349 52 44 20 3 -37 0
piece 108 50 424 156 80 26 -31 0
piece 116 7 12 384 452 72 -343 0
frame 232 4 -27 -117 31 5 -105 -97 298 49
piece 93 116 188 30 46 14 -84 0
piece 109 103 292 100 90 -50 -82 0
piece 122 214 3 186 292 -14 -251 0
piece 118 9 10 376 444 68 -343 0
frame 233 4 -27 -117 31 5 0 0 0 0
piece 93 150 192 24 46 -3 -97 0
piece 109 203 283 96 104 -51 -96 0
piece 122 0 308 196 292 -37 -264 0
piece 119 42 0 358 448 77 -358 0
frame 234 5 -27 -117 31 5 0 0 0 0
piece 93 179 196 20 46 -14 -104 0
piece 109 299 260 80 116 -51 -109 0
piece 122 200 300 200 300 -48 -261 0
piece 123 3 210 40 42 -2 -288 0
piece 120 2 0 266 338 165 -316 0
frame 235 5 -27 -117 31 5 0 0 0 0
piece 93 206 197 22 44 -28 -104 0
piece 109 0 321 68 118 -52 -109 0
piece 123 50 0 158 300 -39 -346 0
piece 123 287 7 106 84 26 -47 0
piece 123 301 107 56 194 119 -238 0
frame 236 11 -27 -117 31 5 0 0 0 0
piece 91 0 18 310 262 0 -152 0
piece 91 9 285 316 284 -316 -173 0
piece 123 21 304 198 294 -73 -268 0
piece 123 224 316 160 162 -52 -429 0
piece 93 230 196 10 14 -38 -106 0
piece 109 68 382 66 128 -51 -113 0
piece 124 0 0 330 208 -168 -130 0
piece 125 0 0 195 195 0 -397 4
piece 125 0 0 195 195 -195 -397 0
piece 125 0 0 195 195 1 -202 2
piece 125 0 0 195 195 -194 -202 1
frame 237 12 -27 -117 31 5 0 0 0 0
piece 94 0 301 328 290 -328 -141 0
piece 94 0 6 326 280 -1 -156 0
piece 109 134 382 72 122 -56 -114 0
piece 93 4 231 30 40 -46 -109 0
piece 126 2 0 184 184 -46 -511 0
piece 126 7 194 196 406 -83 -348 0
piece 124 0 210 328 278 -222 -217 0
piece 124 2 488 174 108 104 -155 1
piece 125 0 196 276 279 -276 -203 4
piece 125 0 196 276 279 0 -202 0
piece 125 0 196 276 279 -1 -478 1
piece 125 0 196 276 279 -277 -482 2
frame 238 12 -27 -117 31 5 0 0 0 0
piece 97 0 11 328 268 -328 -155 0
piece 97 0 289 324 282 0 -162 0
piece 126 202 182 198 408 -95 -395 0
piece 109 207 387 80 124 -64 -117 0
piece 126 199 0 200 170 -2 -565 0
piece 93 69 227 26 18 -58 -114 0
piece 127 0 0 332 340 -332 -202 4
piece 127 0 0 332 340 0 -534 1
piece 127 0 0 332 340 -332 -542 2
piece 127 0 0 332 340 0 -202 0
piece 128 0 0 312 386 -219 -279 0
piece 128 0 388 248 126 93 -192 1
frame 239 11 -27 -117 31 5 0 0 0 0
piece 99 0 291 324 280 0 -152 0
piece 99 0 8 328 274 -328 -157 0
piece 129 0 41 214 558 -142 -475 0
piece 109 287 377 90 124 -73 -115 0
piece 129 252 24 40 88 71 -399 0
piece 93 69 227 26 18 -64 -112 0
piece 130 0 0 368 362 0 -201 0
piece 130 0 0 368 362 -368 -201 4
piece 130 0 0 368 362 0 -569 1
piece 130 0 0 368 362 -368 -563 2
piece 131 0 0 400 472 -195 -330 0
frame 240 11 -27 -117 31 5 0 0 0 0
piece 101 0 272 322 270 0 -137 0
piece 101 0 0 328 262 -328 -136 0
piece 132 0 0 94 132 -78 -124 0
piece 129 214 128 176 470 -74 -518 0
piece 133 10 3 52 200 -125 -306 0
piece 93 69 227 26 18 -68 -111 0
piece 134 0 0 376 392 -376 -188 4
piece 134 0 0 376 392 0 -188 0
piece 134 0 0 376 392 0 -564 1
piece 134 0 0 376 392 -376 -580 2
piece 131 0 0 400 472 -194 -386 0
frame 241 10 -27 -117 31 5 0 0 0 0
piece 133 192 0 208 410 -121 -464 0
piece 132 94 0 98 134 -82 -127 0
piece 93 69 227 26 18 -68 -109 0
piece 104 0 0 328 262 -324 -138 0
piece 104 0 266 324 266 0 -137 0
piece 135 0 1 364 398 0 -193 0
piece 135 0 1 364 398 -364 -193 4
piece 135 0 1 364 398 0 -557 1
piece 135 0 1 364 398 -364 -591 2
piece 136 0 0 400 600 -192 -488 0
frame 242 11 -27 -117 31 5 0 0 0 0
piece 133 0 204 198 396 -142 -471 0
piece 132 213 0 80 138 -65 -131 0
piece 132 191 38 22 32 -87 -94 0
piece 93 104 239 6 6 -67 -96 0
piece 137 1 0 396 400 1 -192 0
piece 137 1 0 396 400 -395 -192 4
piece 137 1 0 396 400 0 -588 1
piece 137 1 0 396 400 -396 -592 2
piece 106 0 0 314 210 0 -139 0
piece 106 0 226 306 248 -294 -143 0
piece 138 0 0 400 600 -194 -527 0
frame 243 8 -27 -117 31 5 0 0 0 0
piece 139 5 0 192 450 -145 -531 0
piece 132 293 0 58 138 -91 -132 0
piece 132 300 378 50 98 -33 -89 0
piece 93 104 239 6 6 -68 -96 0
piece 140 0 0 398 400 1 -189 0
piece 140 0 0 398 400 -396 -189 4
piece 140 0 0 398 400 1 -587 1
piece 140 0 0 398 400 -405 -589 2
frame 244 4 -27 -117 31 5 0 0 0 0
piece 139 197 0 202 354 -138 -426 0
piece 139 239 385 30 90 -164 -247 0
piece 132 0 132 106 138 -91 -130 0
piece 93 115 240 6 6 -65 -97 0
frame 245 3 -27 -117 31 5 0 0 0 0
piece 141 5 0 256 354 -164 -439 0
piece 132 106 134 104 136 -88 -128 0
piece 93 104 239 6 6 -59 -102 0
frame 246 3 -27 -117 31 5 0 0 0 0
piece 142 1 0 264 331 -151 -404 0
piece 132 210 138 86 130 -71 -121 0
piece 93 115 240 6 6 -40 -107 0
frame 247 5 -27 -117 31 5 0 0 0 0
piece 141 263 0 136 354 -2 -394 0
piece 141 4 355 138 208 -135 -376 0
piece 93 132 238 8 10 -14 -106 0
piece 132 297 138 54 130 -50 -118 0
piece 132 244 379 18 132 4 -121 0
frame 248 4 -27 -117 31 5 0 0 0 0
piece 93 145 240 22 16 1 -97 0
piece 132 0 270 90 104 -51 -97 0
piece 143 12 0 162 106 -27 -153 0
piece 141 142 356 258 244 -104 -397 0
frame 249 9 -27 -117 31 5 0 0 0 0
piece 143 218 16 182 484 5 -456 0
piece 143 9 114 150 262 -141 -355 0
piece 109 1 269 102 52 -49 -33 0
piece 82 349 52 44 20 3 -37 0
piece 111 0 4 392 548 69 -458 0
piece 111 0 4 392 548 -216 -462 4
piece 92 7 10 388 478 -91 -364 0
piece 111 0 4 392 548 133 -351 0
piece 111 0 4 392 548 -300 -355 4
frame 250 9 -27 -117 31 5 -295 -114 295 97
piece 109 1 269 102 52 -49 -33 0
piece 93 171 248 38 20 7 -38 0
piece 143 218 16 182 484 5 -451 0
piece 143 9 114 150 262 -141 -350 0
piece 113 9 11 384 532 -207 -433 4
piece 113 9 11 384 532 70 -430 0
piece 95 11 3 388 468 -90 -340 0
piece 113 9 11 384 532 137 -327 0
piece 113 9 11 384 532 -293 -332 4
frame 251 9 -27 -117 31 5 0 0 0 0
piece 143 0 378 210 222 -27 -172 0
piece 143 216 504 184 96 -28 -266 0
piece 109 1 269 102 52 -49 -33 0
piece 93 171 248 38 20 7 -38 0
piece 114 0 5 398 482 -211 -425 4
piece 114 0 5 398 482 60 -421 0
piece 98 13 27 376 442 -82 -332 0
piece 114 0 5 398 482 126 -323 0
piece 114 0 5 398 482 -299 -326 4
frame 252 11 -27 -117 31 5 0 0 0 0
piece 144 0 0 200 168 -90 -58 4
piece 144 0 0 200 168 110 -59 0
piece 143 0 378 210 222 -27 -172 0
piece 143 216 504 184 96 -28 -266 0
piece 109 1 269 102 52 -49 -33 0
piece 93 171 248 38 20 7 -38 0
piece 100 25 24 360 442 -71 -325 0
piece 115 11 7 378 480 73 -406 0
piece 115 11 7 378 480 139 -309 0
piece 115 11 7 378 480 -203 -410 4
piece 115 11 7 378 480 -291 -314 4
frame 253 11 -27 -117 31 5 0 0 0 0
piece 144 200 0 200 162 -87 -53 4
piece 144 200 0 200 162 107 -54 0
piece 143 0 378 210 222 -27 -172 0
piece 143 216 504 184 96 -28 -266 0
piece 109 1 269 102 52 -49 -33 0
piece 93 171 248 38 20 7 -38 0
piece 102 22 22 354 422 -80 -313 0
piece 116 7 12 384 452 60 -380 0
piece 116 7 12 384 452 130 -280 0
piece 116 7 12 384 452 -205 -384 4
piece 116 7 12 384 452 -288 -291 4
frame 254 11 -27 -117 31 5 0 0 0 0
piece 144 0 169 170 134 -60 -41 4
piece 144 0 169 170 134 110 -42 0
piece 143 0 378 210 222 -27 -172 0
piece 143 216 504 184 96 -28 -266 0
piece 109 1 269 102 52 -49 -33 0
piece 82 349 52 44 20 3 -37 0
piece 105 20 9 358 412 -83 -321 0
piece 118 9 10 376 444 58 -390 0
piece 118 9 10 376 444 125 -286 0
piece 118 9 10 376 444 -191 -393 4
piece 118 9 10 376 444 -268 -302 4
frame 255 11 -27 -117 31 5 0 0 0 0
piece 144 175 165 134 138 -20 -41 4
piece 144 175 165 134 138 104 -41 0
piece 143 0 378 210 222 -27 -172 0
piece 143 216 504 184 96 -28 -266 0
piece 109 1 269 102 52 -49 -33 0
piece 82 349 52 44 20 3 -37 0
piece 107 48 0 302 388 -64 -342 0
piece 119 42 0 358 448 75 -424 0
piece 119 42 0 358 448 132 -302 0
piece 119 42 0 358 448 -182 -413 4
piece 119 42 0 358 448 -268 -314 4
frame 256 11 -27 -117 31 5 0 0 0 0
piece 109 1 269 102 52 -49 -33 0
piece 143 0 378 210 222 -27 -174 0
piece 143 216 504 184 96 -28 -268 0
piece 82 349 52 44 20 3 -37 0
piece 110 0 0 226 306 -15 -326 0
piece 120 2 0 266 338 160 -415 0
piece 120 2 0 266 338 224 -311 0
piece 120 2 0 266 338 -176 -416 4
piece 120 2 0 266 338 -260 -294 4
piece 144 312 167 88 130 102 -42 0
piece 144 312 167 88 130 26 -41 4
frame 257 4 -27 -117 31 5 0 0 0 0
piece 145 1 6 198 284 0 -210 0
piece 41 253 248 78 74 -22 -90 0
piece 41 129 289 64 36 -35 -27 0
piece 40 100 206 100 62 -6 -65 0
frame 258 4 -27 -117 31 5 0 0 0 0
piece 145 209 1 190 282 7 -204 0
piece 47 1 2 76 94 -29 -95 0
piece 47 85 42 32 36 -41 -28 0
piece 40 204 205 100 62 -16 -76 0
frame 259 6 -27 -117 31 5 0 0 0 0
piece 144 312 167 88 130 22 -53 4
piece 144 312 167 88 130 98 -53 0
piece 145 6 290 194 292 4 -210 0
piece 0 0 0 76 103 -37 -93 0
piece 0 0 0 76 103 -37 -93 0
piece 1 0 0 130 86 -44 -96 0
frame 260 3 -27 -117 31 5 0 0 0 0
piece 89 3 0 198 286 5 -214 0
piece 0 76 0 80 103 -39 -93 0
piece 1 130 0 120 94 -34 -102 0
frame 261 3 -27 -117 31 5 0 0 0 0
piece 89 204 0 196 288 6 -235 0
piece 0 156 0 78 103 -37 -93 0
piece 1 250 0 136 108 -42 -104 0
frame 262 2 -28 -96 31 6 0 0 0 0
piece 146 232 0 68 126 -33 -111 0
piece 147 123 0 38 40 -16 -120 0
frame 263 2 -27 -117 31 5 0 0 0 0
piece 146 0 110 68 124 -32 -110 0
piece 147 161 0 36 40 -13 -121 0
clip idle 1 13 0:0.0667 1:0.0667 2:0.0667 3:0.0667 4:0.0667 5:0.0667 6:0.0667 7:0.0667 8:0.0667 9:0.0667 10:0.0667 11:0.0667 12:0.0667
clip walk 1 16 13:0.0333 14:0.0333 15:0.0333 16:0.0333 17:0.0333 18:0.0333 19:0.0333 20:0.0333 21:0.0333 22:0.0333 23:0.0333 24:0.0333 25:0.0333 26:0.0333 27:0.0333 28:0.0333
clip run 1 16 13:0.0333 14:0.0333 15:0.0333 16:0.0333 17:0.0333 18:0.0333 19:0.0333 20:0.0333 21:0.0333 22:0.0333 23:0.0333 24:0.0333 25:0.0333 26:0.0333 27:0.0333 28:0.0333
clip dash 0 12 29:0.0667 30:0.0667 31:0.0333 32:0.0667 33:0.0667 34:0.0333 35:0.0333 36:0.0333 37:0.0667 38:0.0333 39:0.0333 40:0.0333
clipsound dash 0 sound70
clip hit 0 6 41:0.0667 42:0.0667 43:0.1000 44:0.0667 45:0.0667 46:0.0667
clipsound hit 0 sound36
clip hit_high 0 6 41:0.0667 42:0.0667 43:0.1000 44:0.0667 45:0.0667 46:0.0667
clipsound hit_high 0 sound36
clip hit_low 0 6 41:0.0667 42:0.0667 43:0.1000 44:0.0667 45:0.0667 46:0.0667
clipsound hit_low 0 sound36
clip recovery 0 6 41:0.0667 42:0.0667 43:0.1000 44:0.0667 45:0.0667 46:0.0667
clipsound recovery 0 sound36
clip airborne 0 6 41:0.1000 42:0.1000 43:0.1000 44:0.1000 45:0.1000 46:0.1000
clip air 0 6 41:0.1000 42:0.1000 43:0.1000 44:0.1000 45:0.1000 46:0.1000
clip knockdown 0 8 47:0.0667 48:0.0667 49:0.0667 50:0.0667 51:0.0667 52:0.0667 53:0.0667 54:0.0667
clip getup 0 12 54:0.1000 55:0.0667 56:0.0667 57:0.0667 58:0.0667 59:0.0667 60:0.0667 61:0.0667 62:0.0667 63:0.0667 64:0.0667 65:0.0667
clip defeat 0 18 66:0.1000 47:0.1000 48:0.1000 49:0.1000 50:0.1000 51:0.1000 52:0.1000 53:0.1000 54:0.6667 66:0.0333 47:0.0333 48:0.0333 49:0.0333 50:0.0333 51:0.0333 52:0.0333 53:0.0333 54:0.0333
clipsound defeat 0 sound34
clip block 1 1 0:0.0333
clip victory 1 12 67:0.0667 68:0.0667 69:0.0667 70:0.0667 71:0.0667 72:0.0667 73:0.0667 74:0.0667 75:0.0667 76:0.0667 77:0.0667 78:0.0667
clip punch1 0 7 79:0.0667 80:0.0667 81:0.1333 82:0.0667 83:0.0667 84:0.0667 85:0.0667
clipsound punch1 2 sound3
clipsound punch1 2 sound61
clip punch2 0 6 86:0.0667 87:0.0667 88:0.1333 89:0.0667 90:0.0667 91:0.0667
clipsound punch2 2 sound3
clipsound punch2 2 sound62
clip punch3 0 22 92:0.0667 93:0.0667 94:0.1333 95:0.0667 96:0.0667 97:0.0667 98:0.0667 99:0.0667 100:0.1333 101:0.0667 102:0.0667 103:0.0667 104:0.0667 105:0.0667 106:0.1333 107:0.0667 108:0.0667 109:0.0667 110:0.0667 111:0.0667 112:0.0667 113:0.0667
clipsound punch3 2 sound3
clipsound punch3 2 sound63
clip kick 0 14 114:0.0333 114:0.0333 115:0.0667 116:0.0667 117:0.0667 118:0.0667 119:0.1333 120:0.0667 121:0.0667 122:0.0667 123:0.0667 10:0.0667 11:0.0667 12:0.0667
clipsound kick 5 sound3
clipsound kick 5 sound64
clip atk1 0 7 79:0.0667 80:0.0667 81:0.1333 82:0.0667 83:0.0667 84:0.0667 85:0.0667
clipsound atk1 2 sound3
clipsound atk1 2 sound61
clip atk2 0 6 86:0.0667 87:0.0667 88:0.1333 89:0.0667 90:0.0667 91:0.0667
clipsound atk2 2 sound3
clipsound atk2 2 sound62
clip atk3 0 22 92:0.0667 93:0.0667 94:0.1333 95:0.0667 96:0.0667 97:0.0667 98:0.0667 99:0.0667 100:0.1333 101:0.0667 102:0.0667 103:0.0667 104:0.0667 105:0.0667 106:0.1333 107:0.0667 108:0.0667 109:0.0667 110:0.0667 111:0.0667 112:0.0667 113:0.0667
clipsound atk3 2 sound3
clipsound atk3 2 sound63
clip atk4 0 14 114:0.0333 114:0.0333 115:0.0667 116:0.0667 117:0.0667 118:0.0667 119:0.1333 120:0.0667 121:0.0667 122:0.0667 123:0.0667 10:0.0667 11:0.0667 12:0.0667
clipsound atk4 5 sound3
clipsound atk4 5 sound64
clip dash_attack 0 22 92:0.0667 93:0.0667 94:0.1333 95:0.0667 96:0.0667 97:0.0667 98:0.0667 99:0.0667 100:0.1333 101:0.0667 102:0.0667 103:0.0667 104:0.0667 105:0.0667 106:0.1333 107:0.0667 108:0.0667 109:0.0667 110:0.0667 111:0.0667 112:0.0667 113:0.0667
clipsound dash_attack 2 sound3
clipsound dash_attack 2 sound63
clip finisher 0 14 114:0.0333 114:0.0333 115:0.0667 116:0.0667 117:0.0667 118:0.0667 119:0.1333 120:0.0667 121:0.0667 122:0.0667 123:0.0667 10:0.0667 11:0.0667 12:0.0667
clipsound finisher 5 sound3
clipsound finisher 5 sound64
clip ab0 0 22 124:0.0667 125:0.0667 126:0.0667 127:0.0667 128:0.0667 129:0.0667 130:0.0667 131:0.0667 132:0.0667 133:0.0667 134:0.0667 135:0.1000 136:0.0333 137:0.0333 138:0.0333 139:0.0333 140:0.0333 141:0.0333 142:0.0667 143:0.0667 144:0.0667 145:0.0333
clipsound ab0 5 sound65
clipsound ab0 7 sound38
clip ab1 0 46 146:0.0667 147:0.0667 148:0.0667 149:0.0667 150:0.0667 151:0.0667 152:0.0667 153:0.0667 154:0.0667 155:0.1333 156:0.0667 157:0.0667 158:0.0667 159:0.1333 160:0.0667 161:0.0667 162:0.0667 163:0.1333 164:0.0667 153:0.0667 165:0.1333 154:0.0667 166:0.0667 157:0.0667 158:0.0667 159:0.1333 160:0.0667 167:0.0667 168:0.1333 169:0.0667 170:0.0667 171:0.1000 172:0.1000 173:0.0667 174:0.0667 175:0.0667 176:0.0667 177:0.1667 178:0.1333 179:0.1000 180:0.0667 181:0.0667 182:0.0667 183:0.0667 184:0.0667 185:0.0667
clipsound ab1 0 sound65
clipsound ab1 44 sound64
clipsound ab1 42 sound64
clipsound ab1 38 sound64
clipsound ab1 30 sound64
clipsound ab1 26 sound64
clipsound ab1 22 sound64
clipsound ab1 18 sound64
clipsound ab1 26 sound38
clip ab2 0 76 186:0.0667 187:0.0667 188:0.0667 189:0.0667 190:0.0667 191:0.0667 192:0.0667 193:0.0667 194:0.0667 195:0.0667 196:0.0667 197:0.0667 198:0.0667 199:0.0667 200:0.0667 201:0.0667 202:0.0667 203:0.0667 204:0.1333 205:0.0667 206:0.0667 207:0.0667 208:0.0667 209:0.0667 210:0.0667 211:0.0667 212:0.1333 213:0.0667 214:0.0667 215:0.0667 216:0.0667 217:0.1333 218:0.0667 219:0.0667 220:0.0667 221:0.0667 222:0.1333 223:0.0667 224:0.0667 225:0.0667 226:0.0667 227:0.0667 228:0.1333 229:0.0667 230:0.0667 231:0.0667 232:0.1333 233:0.0667 234:0.0667 235:0.0667 236:0.0667 237:0.0667 238:0.0667 239:0.0667 240:0.0667 241:0.0667 242:0.0667 243:0.0667 244:0.0667 245:0.1333 246:0.0333 247:0.0333 248:0.0333 249:0.1000 250:0.1667 251:0.1000 252:0.0667 253:0.0667 254:0.0667 255:0.0667 256:0.0333 257:0.0667 258:0.0667 259:0.0667 260:0.0667 261:0.0667
clipsound ab2 0 sound37
clipsound ab2 54 sound65
clipsound ab2 68 sound38
clipsound ab2 60 sound38
clipsound ab2 46 sound38
clipsound ab2 40 sound38
clipsound ab2 35 sound38
clipsound ab2 29 sound38
clipsound ab2 22 sound38
clip ab3 0 10 133:0.0667 134:0.1000 135:0.1667 136:0.1000 137:0.0667 138:0.0667 139:0.0667 140:0.0667 141:0.0667 142:0.0667
clipsound ab3 0 sound65
clip ab4 0 67 190:0.0667 191:0.0667 192:0.0667 193:0.0667 194:0.0667 195:0.0667 196:0.0667 197:0.0667 199:0.0667 198:0.0667 200:0.0667 201:0.0667 202:0.0667 203:0.0667 204:0.1333 205:0.0667 206:0.0667 207:0.0667 208:0.0667 209:0.0667 210:0.0667 211:0.0667 212:0.1333 213:0.0667 214:0.0667 215:0.0667 216:0.0667 217:0.1333 218:0.0667 219:0.0667 220:0.0667 221:0.0667 222:0.1333 223:0.0667 224:0.0667 225:0.0667 226:0.0667 227:0.0667 228:0.1333 229:0.0667 230:0.0667 231:0.0667 232:0.1333 233:0.0667 234:0.0667 235:0.0667 236:0.0667 237:0.0667 238:0.0667 239:0.0667 240:0.0667 241:0.0667 242:0.0667 243:0.0667 244:0.0667 245:0.1333 246:0.0333 247:0.0333 248:0.0333 249:0.1000 250:0.1667 251:0.1000 252:0.0667 253:0.0667 254:0.0667 255:0.0667 256:0.0333
clipsound ab4 0 sound37
clip energy 0 22 124:0.0667 125:0.0667 126:0.0667 127:0.0667 128:0.0667 129:0.0667 130:0.0667 131:0.0667 132:0.0667 133:0.0667 134:0.0667 135:0.1000 136:0.0333 137:0.0333 138:0.0333 139:0.0333 140:0.0333 141:0.0333 142:0.0667 143:0.0667 144:0.0667 145:0.0333
clipsound energy 5 sound65
clipsound energy 7 sound38
clip special 0 46 146:0.0667 147:0.0667 148:0.0667 149:0.0667 150:0.0667 151:0.0667 152:0.0667 153:0.0667 154:0.0667 155:0.1333 156:0.0667 157:0.0667 158:0.0667 159:0.1333 160:0.0667 161:0.0667 162:0.0667 163:0.1333 164:0.0667 153:0.0667 165:0.1333 154:0.0667 166:0.0667 157:0.0667 158:0.0667 159:0.1333 160:0.0667 167:0.0667 168:0.1333 169:0.0667 170:0.0667 171:0.1000 172:0.1000 173:0.0667 174:0.0667 175:0.0667 176:0.0667 177:0.1667 178:0.1333 179:0.1000 180:0.0667 181:0.0667 182:0.0667 183:0.0667 184:0.0667 185:0.0667
clipsound special 0 sound65
clipsound special 44 sound64
clipsound special 42 sound64
clipsound special 38 sound64
clipsound special 30 sound64
clipsound special 26 sound64
clipsound special 22 sound64
clipsound special 18 sound64
clipsound special 26 sound38
clip super 0 76 186:0.0667 187:0.0667 188:0.0667 189:0.0667 190:0.0667 191:0.0667 192:0.0667 193:0.0667 194:0.0667 195:0.0667 196:0.0667 197:0.0667 198:0.0667 199:0.0667 200:0.0667 201:0.0667 202:0.0667 203:0.0667 204:0.1333 205:0.0667 206:0.0667 207:0.0667 208:0.0667 209:0.0667 210:0.0667 211:0.0667 212:0.1333 213:0.0667 214:0.0667 215:0.0667 216:0.0667 217:0.1333 218:0.0667 219:0.0667 220:0.0667 221:0.0667 222:0.1333 223:0.0667 224:0.0667 225:0.0667 226:0.0667 227:0.0667 228:0.1333 229:0.0667 230:0.0667 231:0.0667 232:0.1333 233:0.0667 234:0.0667 235:0.0667 236:0.0667 237:0.0667 238:0.0667 239:0.0667 240:0.0667 241:0.0667 242:0.0667 243:0.0667 244:0.0667 245:0.1333 246:0.0333 247:0.0333 248:0.0333 249:0.1000 250:0.1667 251:0.1000 252:0.0667 253:0.0667 254:0.0667 255:0.0667 256:0.0333 257:0.0667 258:0.0667 259:0.0667 260:0.0667 261:0.0667
clipsound super 0 sound37
clipsound super 54 sound65
clipsound super 68 sound38
clipsound super 60 sound38
clipsound super 46 sound38
clipsound super 40 sound38
clipsound super 35 sound38
clipsound super 29 sound38
clipsound super 22 sound38
clip rage_attack 0 76 186:0.0667 187:0.0667 188:0.0667 189:0.0667 190:0.0667 191:0.0667 192:0.0667 193:0.0667 194:0.0667 195:0.0667 196:0.0667 197:0.0667 198:0.0667 199:0.0667 200:0.0667 201:0.0667 202:0.0667 203:0.0667 204:0.1333 205:0.0667 206:0.0667 207:0.0667 208:0.0667 209:0.0667 210:0.0667 211:0.0667 212:0.1333 213:0.0667 214:0.0667 215:0.0667 216:0.0667 217:0.1333 218:0.0667 219:0.0667 220:0.0667 221:0.0667 222:0.1333 223:0.0667 224:0.0667 225:0.0667 226:0.0667 227:0.0667 228:0.1333 229:0.0667 230:0.0667 231:0.0667 232:0.1333 233:0.0667 234:0.0667 235:0.0667 236:0.0667 237:0.0667 238:0.0667 239:0.0667 240:0.0667 241:0.0667 242:0.0667 243:0.0667 244:0.0667 245:0.1333 246:0.0333 247:0.0333 248:0.0333 249:0.1000 250:0.1667 251:0.1000 252:0.0667 253:0.0667 254:0.0667 255:0.0667 256:0.0333 257:0.0667 258:0.0667 259:0.0667 260:0.0667 261:0.0667
clipsound rage_attack 0 sound37
clipsound rage_attack 54 sound65
clipsound rage_attack 68 sound38
clipsound rage_attack 60 sound38
clipsound rage_attack 46 sound38
clipsound rage_attack 40 sound38
clipsound rage_attack 35 sound38
clipsound rage_attack 29 sound38
clipsound rage_attack 22 sound38
clip jump 0 9 262:0.0333 262:0.0333 262:0.0333 262:0.0333 262:0.0333 262:0.0333 262:0.0333 262:0.0333 263:0.1000
clipsound jump 0 sound70
ability ab0 HABILIDAD A
ability ab1 HABILIDAD B
ability ab2 HABILIDAD C
ability ab3 COMBO DE HABILIDAD 1
ability ab4 COMBO DE HABILIDAD 2
sound hurt sound36
sound die sound34
sound dash sound70
