# BETA: MEDUSA (generado por tools/beta/build_beta_characters.py)
character medusa enemy 200
name MEDUSA
image 0 263
image 1 568
image 2 700
image 3 569
image 4 595
image 5 570
image 6 699
image 7 571
image 8 572
image 9 573
image 10 635
image 11 577
image 12 574
image 13 702
image 14 195
image 15 192
image 16 575
image 17 193
image 18 194
image 19 196
image 20 576
image 21 134
image 22 701
image 23 594
frame 0 4 -65 -193 48 16 0 0 0 0
piece 0 0 0 124 70 -121 -26 0
piece 0 0 0 124 70 -3 -26 4
piece 1 0 0 174 222 -115 -205 0
piece 2 0 0 37 24 -21 -151 4
frame 1 4 -65 -193 48 16 0 0 0 0
piece 0 129 0 118 74 -115 -27 0
piece 0 129 0 118 74 -3 -27 4
piece 1 176 0 178 224 -115 -207 0
piece 2 40 0 37 24 -21 -148 4
frame 2 4 -65 -193 48 16 0 0 0 0
piece 0 261 0 118 74 -1 -27 4
piece 0 261 0 118 74 -117 -27 0
piece 1 4 223 178 222 -117 -206 0
piece 2 82 0 37 24 -22 -146 4
frame 3 4 -65 -193 48 16 0 0 0 0
piece 0 0 70 124 86 -123 -33 0
piece 0 0 70 124 86 -1 -33 4
piece 1 183 223 178 222 -116 -206 0
piece 2 0 25 37 24 -22 -144 4
frame 4 4 -65 -193 48 16 0 0 0 0
piece 0 134 79 130 74 -129 -27 0
piece 0 134 79 130 74 -2 -27 4
piece 3 0 0 178 220 -115 -201 0
piece 2 40 24 38 24 -23 -142 4
frame 5 4 -65 -193 48 16 0 0 0 0
piece 0 268 78 132 74 -2 -28 4
piece 0 268 78 132 74 -132 -28 0
piece 3 178 0 178 218 -115 -196 0
piece 2 82 25 37 24 -23 -141 4
frame 6 4 -65 -193 48 16 0 0 0 0
piece 0 0 0 124 70 -121 -26 0
piece 0 0 0 124 70 -3 -26 4
piece 3 6 220 182 216 -118 -200 0
piece 2 0 50 38 24 -24 -140 4
frame 7 4 -65 -193 48 16 0 0 0 0
piece 0 129 0 118 74 -115 -27 0
piece 0 129 0 118 74 -3 -27 4
piece 3 188 218 178 214 -115 -191 0
piece 2 41 49 37 24 -23 -141 4
frame 8 4 -65 -193 48 16 0 0 0 0
piece 0 261 0 118 74 -117 -27 0
piece 0 261 0 118 74 -1 -27 4
piece 4 0 0 182 210 -116 -193 0
piece 2 81 50 38 24 -23 -142 4
frame 9 4 -65 -193 48 16 0 0 0 0
piece 0 0 70 124 86 -1 -33 4
piece 0 0 70 124 86 -123 -33 0
piece 4 182 1 182 214 -120 -194 0
piece 2 0 75 37 24 -22 -144 4
frame 10 4 -65 -193 48 16 0 0 0 0
piece 0 134 79 130 74 -2 -27 4
piece 0 134 79 130 74 -129 -27 0
piece 4 0 210 180 218 -118 -199 0
piece 2 41 74 36 24 -21 -146 4
frame 11 4 -65 -193 48 16 0 0 0 0
piece 0 268 78 132 74 -132 -28 0
piece 0 268 78 132 74 -2 -28 4
piece 4 180 217 182 218 -114 -202 0
piece 2 81 74 37 24 -21 -148 4
frame 12 5 -40 -195 40 10 0 0 0 0
piece 0 0 0 124 70 -121 -26 0
piece 0 0 0 124 70 -3 -26 4
piece 5 0 0 172 60 -211 -50 0
piece 5 170 0 98 218 -44 -200 0
piece 6 0 3 38 21 -17 -139 4
frame 13 5 -40 -195 40 10 0 0 0 0
piece 0 129 0 118 74 -3 -27 4
piece 0 129 0 118 74 -115 -27 0
piece 5 0 60 160 54 -190 -48 0
piece 5 269 0 96 226 -45 -210 0
piece 6 39 2 38 22 -19 -142 4
frame 14 6 -40 -195 40 10 0 0 0 0
piece 0 261 0 118 74 -117 -27 0
piece 0 261 0 118 74 -1 -27 4
piece 5 0 114 146 64 -178 -48 0
piece 5 0 181 88 94 -49 -214 0
piece 5 5 275 96 140 -44 -120 0
piece 6 77 2 37 22 -21 -141 4
frame 15 6 -40 -195 40 10 0 0 0 0
piece 0 0 70 124 86 -1 -33 4
piece 0 0 70 124 86 -123 -33 0
piece 5 200 227 200 60 -164 -49 0
piece 5 382 0 18 52 35 -45 0
piece 5 100 228 100 160 -52 -204 0
piece 6 115 0 41 24 -24 -143 4
frame 16 7 -40 -195 40 10 0 0 0 0
piece 0 134 79 130 74 -2 -27 4
piece 0 134 79 130 74 -129 -27 0
piece 5 298 287 102 92 -40 -83 0
piece 5 0 416 140 58 -178 -46 0
piece 5 208 289 90 116 -41 -196 0
piece 5 200 290 8 86 -48 -195 0
piece 6 115 0 41 24 -22 -140 4
frame 17 6 -40 -195 40 10 0 0 0 0
piece 0 268 78 132 74 -131 -28 0
piece 0 268 78 132 74 -1 -28 4
piece 5 298 380 100 88 -42 -76 0
piece 5 144 416 154 55 -196 -40 0
piece 5 0 475 92 122 -41 -193 0
piece 6 1 24 38 22 -17 -137 4
frame 18 7 -40 -195 40 10 0 0 0 0
piece 0 0 0 124 70 -3 -26 4
piece 0 0 0 124 70 -121 -26 0
piece 5 92 474 244 56 -190 -44 0
piece 5 175 534 88 66 -37 -123 0
piece 5 368 1 14 64 -19 -57 3
piece 5 93 530 80 70 -42 -193 0
piece 6 40 23 38 21 -16 -135 4
frame 19 12 -40 -195 40 10 0 0 0 0
piece 0 129 0 118 74 -3 -27 4
piece 0 129 0 118 74 -115 -27 0
piece 5 263 531 137 69 -87 -53 0
piece 5 366 87 34 142 -37 -191 0
piece 5 338 469 58 62 -4 -113 0
piece 5 164 388 44 32 -4 -190 0
piece 5 137 388 27 28 -4 -164 0
piece 5 101 387 36 30 -3 -139 0
piece 5 383 52 16 12 -45 -151 0
piece 5 93 179 76 48 -162 -35 0
piece 5 364 64 36 20 -196 -22 0
piece 6 79 24 38 21 -17 -131 4
frame 20 4 -40 -195 40 10 0 0 0 0
piece 7 0 0 144 124 -130 -225 0
piece 7 144 0 92 126 -47 -106 0
piece 7 239 0 96 54 37 -10 0
piece 6 39 50 32 32 -90 -175 4
frame 21 4 -40 -195 40 10 0 0 0 0
piece 7 0 242 110 130 -169 -226 0
piece 7 113 244 110 164 -62 -138 0
piece 7 29 372 64 40 40 1 0
piece 6 72 50 28 33 -113 -167 4
frame 22 3 -40 -195 40 10 0 0 0 0
piece 7 175 133 170 108 -95 -74 0
piece 7 0 126 174 116 -196 -186 0
piece 6 100 50 32 33 -138 -150 4
frame 23 5 -40 -195 40 10 0 0 0 0
piece 7 224 241 111 117 -202 -169 0
piece 7 247 53 74 84 -106 -121 0
piece 7 223 358 106 86 -120 -46 0
piece 7 222 445 97 45 -31 -9 0
piece 6 132 50 29 33 -155 -138 4
frame 24 4 -40 -195 40 10 0 0 0 0
piece 7 185 491 132 82 -86 -20 0
piece 7 171 410 46 76 -124 -19 0
piece 7 0 418 168 164 -174 -180 0
piece 6 4 83 29 33 -115 -130 4
frame 25 4 -40 -195 40 10 0 0 0 0
piece 0 0 0 124 70 -3 -26 4
piece 0 0 0 124 70 -121 -26 0
piece 8 0 0 168 232 -142 -182 0
piece 6 34 83 32 30 -92 -139 4
frame 26 3 -40 -195 40 10 0 0 0 0
piece 8 168 0 144 224 -120 -203 0
piece 8 311 0 64 40 -167 -28 0
piece 6 66 83 39 24 -85 -140 4
frame 27 4 -40 -195 40 10 0 0 0 0
piece 8 312 66 88 230 -97 -210 0
piece 8 0 231 42 160 -9 -144 0
piece 8 318 40 58 24 -139 -28 0
piece 6 105 83 35 24 -65 -143 4
frame 28 2 -40 -195 40 10 0 0 0 0
piece 9 0 0 400 98 -226 -81 0
piece 6 2 116 23 36 -136 -56 4
frame 29 3 -40 -195 40 10 0 0 0 0
piece 8 238 360 162 134 -8 -100 0
piece 8 40 364 198 118 -199 -168 0
piece 6 132 50 29 33 -126 -143 4
frame 30 3 -40 -195 40 10 0 0 0 0
piece 8 179 497 218 102 -42 -103 0
piece 8 0 484 176 104 -217 -145 0
piece 6 2 116 23 36 -137 -114 4
frame 31 2 -40 -195 40 10 0 0 0 0
piece 9 0 98 400 88 -217 -59 0
piece 6 2 116 23 36 -131 -44 4
frame 32 2 -40 -195 40 10 0 0 0 0
piece 9 0 432 400 86 -217 -65 0
piece 6 2 116 23 36 -128 -49 4
frame 33 4 -40 -195 40 10 0 0 0 0
piece 10 0 0 160 98 -189 -85 0
piece 10 160 0 138 76 -33 -47 0
piece 10 304 0 52 26 103 -14 0
piece 6 2 116 23 36 -133 -71 4
frame 34 3 -40 -195 40 10 0 0 0 0
piece 10 0 213 178 98 -57 -58 0
piece 10 0 99 145 114 -128 -169 0
piece 6 37 118 23 31 -87 -138 4
frame 35 6 -40 -195 40 10 0 0 0 0
piece 10 325 117 75 32 31 15 0
piece 10 298 29 102 88 -71 -41 0
piece 10 308 121 10 14 30 -39 0
piece 10 188 196 110 55 -66 -93 0
piece 10 145 96 153 100 -109 -193 0
piece 6 34 83 32 30 -61 -145 4
frame 36 5 -40 -195 40 10 0 0 0 0
piece 10 178 254 94 48 -29 -88 0
piece 10 298 152 102 128 -101 -213 0
piece 10 330 294 70 80 -37 -160 0
piece 10 130 305 190 88 -114 -42 0
piece 6 105 83 35 24 -46 -152 4
frame 37 3 -40 -195 40 10 0 0 0 0
piece 10 0 312 124 158 -76 -204 0
piece 10 122 395 186 66 -133 -48 0
piece 6 63 113 36 24 -44 -144 4
frame 38 3 -8 -16 8 0 0 0 0 0
piece 10 105 471 177 108 -121 -77 0
piece 10 0 472 102 128 -70 -203 0
piece 6 63 113 36 24 -33 -146 4
frame 39 0 -65 -193 48 16 0 0 0 0
frame 40 4 -270 -196 294 90 0 0 0 0
piece 0 129 0 118 74 -115 -27 0
piece 0 129 0 118 74 -3 -27 4
piece 12 186 0 186 216 -117 -197 0
piece 13 0 0 29 19 12 -135 0
frame 41 4 -270 -196 294 90 0 0 0 0
piece 0 261 0 118 74 -1 -27 4
piece 0 261 0 118 74 -117 -27 0
piece 12 0 216 176 186 -111 -168 0
piece 13 32 0 34 27 -22 -116 0
frame 42 6 -270 -196 294 90 0 0 0 0
piece 0 0 70 124 86 -123 -33 0
piece 0 0 70 124 86 -1 -33 4
piece 14 0 0 260 74 -199 -60 0
piece 12 176 216 224 170 -120 -146 0
piece 12 380 155 20 58 95 -67 0
piece 13 66 0 35 31 -41 -88 0
frame 43 7 -270 -196 294 90 0 0 0 0
piece 0 0 0 124 70 -3 -26 4
piece 15 0 216 242 122 88 -33 0
piece 0 0 0 124 70 -121 -26 0
piece 15 0 0 400 214 -312 -118 0
piece 14 0 74 274 80 -200 -62 0
piece 12 0 402 400 164 -83 -146 0
piece 13 103 0 31 38 -25 -98 0
frame 44 10 -270 -196 294 90 0 0 0 0
piece 0 129 0 118 74 -3 -27 4
piece 0 129 0 118 74 -115 -27 0
piece 14 0 155 288 82 -206 -63 0
piece 15 0 338 238 240 -310 -86 0
piece 15 238 368 162 106 -75 -8 0
piece 15 238 474 162 104 24 -6 0
piece 15 242 215 158 144 184 -64 0
piece 16 0 0 227 132 -84 -141 0
piece 16 226 0 174 62 141 -80 0
piece 13 135 0 39 28 -38 -90 0
frame 45 9 -270 -196 294 90 -87 -93 293 72
piece 0 261 0 118 74 -117 -27 0
piece 0 261 0 118 74 -1 -27 4
piece 14 0 239 296 86 -212 -66 0
piece 17 0 0 400 128 -300 -49 0
piece 17 102 324 142 58 -32 -112 0
piece 16 0 135 168 132 -83 -107 0
piece 16 227 64 173 71 54 -105 0
piece 17 0 142 242 196 100 -105 0
piece 13 174 0 28 17 -26 -14 0
frame 46 9 -270 -196 294 90 0 0 0 0
piece 0 0 70 124 86 -1 -33 4
piece 0 0 70 124 86 -123 -33 0
piece 14 0 328 306 90 -219 -66 0
piece 17 258 132 142 202 230 -121 0
piece 17 0 459 102 140 -170 -40 0
piece 17 0 351 96 99 -265 -19 0
piece 16 0 267 228 142 -144 -116 0
piece 17 102 371 298 226 -68 -128 0
piece 13 0 27 49 26 -31 -40 0
frame 47 8 -270 -196 294 90 0 0 0 0
piece 0 134 79 130 74 -129 -28 0
piece 0 134 79 130 74 -2 -28 4
piece 14 0 417 323 90 -226 -66 0
piece 18 0 0 400 194 -247 -126 0
piece 18 158 189 242 216 153 -124 0
piece 16 168 135 232 130 -166 -111 0
piece 16 228 269 10 54 -175 -88 0
piece 13 49 34 35 23 -10 -50 0
frame 48 8 -270 -196 294 90 0 0 0 0
piece 0 268 78 132 74 -2 -28 4
piece 0 268 78 132 74 -132 -28 0
piece 14 0 506 336 94 -231 -64 0
piece 18 0 480 400 120 -315 -63 0
piece 16 240 265 160 138 -96 -117 0
piece 16 0 409 230 52 -324 -37 0
piece 16 231 408 36 30 59 -30 0
piece 13 86 40 35 27 3 -61 0
frame 49 6 -270 -196 294 90 0 0 0 0
piece 0 0 0 124 70 -3 -26 4
piece 0 0 0 124 70 -121 -26 0
piece 19 0 0 362 102 -237 -66 0
piece 16 288 405 112 154 -31 -182 0
piece 16 0 465 282 68 -255 -40 0
piece 13 126 39 34 22 -10 -129 0
frame 50 5 -270 -196 294 90 0 0 0 0
piece 0 129 0 118 74 -115 -27 0
piece 0 129 0 118 74 -3 -27 4
piece 19 0 102 376 114 -239 -73 0
piece 20 0 0 206 214 -124 -195 0
piece 13 1 58 34 22 -16 -146 0
frame 51 5 -270 -196 294 90 0 0 0 0
piece 0 261 0 118 74 -117 -27 0
piece 0 261 0 118 74 -1 -27 4
piece 19 0 221 368 104 -244 -71 0
piece 20 209 0 176 212 -110 -195 0
piece 13 44 62 34 22 -23 -145 0
frame 52 5 -40 -195 40 10 0 0 0 0
piece 0 129 0 118 74 -115 -27 0
piece 0 129 0 118 74 -3 -27 4
piece 20 0 216 166 232 -107 -211 0
piece 21 0 0 74 76 -109 -153 0
piece 22 1 0 35 24 -50 -155 0
frame 53 5 -40 -195 40 10 -120 -55 290 115
piece 0 261 0 118 74 -117 -27 0
piece 0 261 0 118 74 -1 -27 4
piece 20 167 212 218 240 -152 -213 0
piece 21 74 0 68 62 -168 -170 0
piece 22 38 0 35 23 -91 -159 0
frame 54 6 -40 -195 40 10 0 0 0 0
piece 0 0 70 124 86 -123 -33 0
piece 0 0 70 124 86 -1 -33 4
piece 20 0 448 220 152 -180 -217 0
piece 21 144 0 64 60 -191 -181 0
piece 20 231 475 138 106 -83 -72 0
piece 22 75 0 35 23 -112 -165 0
frame 55 6 -40 -195 40 10 0 0 0 0
piece 0 134 79 130 74 -129 -27 0
piece 0 134 79 130 74 -2 -27 4
piece 11 0 0 164 112 -210 -223 0
piece 21 212 0 98 94 -247 -236 0
piece 11 0 112 160 136 -106 -115 0
piece 22 114 0 38 23 -129 -172 0
frame 56 6 -40 -195 40 10 0 0 0 0
piece 0 268 78 132 74 -132 -28 0
piece 0 268 78 132 74 -2 -28 4
piece 11 168 0 168 112 -216 -223 0
piece 21 318 0 82 66 -236 -229 0
piece 11 177 112 160 134 -116 -113 0
piece 22 152 0 35 24 -132 -172 0
frame 57 6 -40 -195 40 10 0 0 0 0
piece 0 0 0 124 70 -3 -26 4
piece 0 0 0 124 70 -121 -26 0
piece 11 0 249 162 100 -146 -185 0
piece 21 0 76 70 56 -163 -189 0
piece 11 0 349 164 116 -85 -89 0
piece 22 0 24 37 26 -67 -141 0
frame 58 6 -40 -195 40 10 0 0 0 0
piece 0 129 0 118 74 -115 -27 0
piece 0 129 0 118 74 -3 -27 4
piece 11 165 325 168 123 -83 -97 0
piece 11 160 248 176 76 -134 -170 0
piece 21 0 76 70 56 -148 -176 0
piece 22 42 24 30 32 -43 -142 0
frame 59 10 -40 -195 40 10 0 0 0 0
piece 0 261 0 118 74 -1 -27 4
piece 0 261 0 118 74 -117 -27 0
piece 11 160 449 176 150 101 -128 0
piece 11 0 467 126 68 -83 -46 0
piece 11 14 536 100 64 12 -30 0
piece 21 148 68 70 48 212 -85 0
piece 22 74 25 48 29 141 -78 0
piece 21 5 132 202 126 -240 -200 0
piece 21 0 396 74 100 147 -118 0
piece 21 208 146 192 136 -45 -160 0
frame 60 8 -40 -195 40 10 -40 -160 281 -9
piece 0 0 70 124 86 -1 -33 4
piece 0 0 70 124 86 -123 -33 0
piece 23 265 0 110 110 170 -120 0
piece 23 0 0 262 112 -86 -83 0
piece 21 327 66 64 60 231 -102 0
piece 22 125 26 45 30 160 -66 0
piece 21 75 352 324 118 30 -128 0
piece 21 0 264 166 84 -123 -118 0
frame 61 7 -40 -195 40 10 0 0 0 0
piece 0 134 79 130 74 -129 -27 0
piece 0 134 79 130 74 -2 -27 4
piece 21 0 502 174 98 152 -133 0
piece 23 1 118 246 114 -85 -82 0
piece 23 250 112 98 124 154 -115 0
piece 21 268 94 48 52 208 -112 0
piece 22 171 26 45 32 156 -69 0
frame 62 6 -40 -195 40 10 0 0 0 0
piece 0 0 0 124 70 -3 -26 4
piece 0 0 0 124 70 -121 -26 0
piece 21 176 472 224 128 23 -175 0
piece 23 239 236 100 118 63 -179 0
piece 23 0 249 216 98 -85 -67 0
piece 22 3 56 24 26 80 -110 0
frame 63 4 -40 -195 40 10 0 0 0 0
piece 0 129 0 118 74 -115 -27 0
piece 0 129 0 118 74 -3 -27 4
piece 23 0 353 166 214 -82 -186 0
piece 22 32 56 34 26 1 -131 0
frame 64 4 -40 -195 40 10 0 0 0 0
piece 0 261 0 118 74 -1 -27 4
piece 0 261 0 118 74 -117 -27 0
piece 23 169 354 182 216 -82 -190 0
piece 22 67 54 34 31 -20 -139 0
clip idle 1 12 0:0.0333 1:0.0333 2:0.0333 3:0.0333 4:0.0333 5:0.0333 6:0.0333 7:0.0333 8:0.0667 9:0.0667 10:0.0667 11:0.0333
clip walk 1 8 12:0.1000 13:0.1000 14:0.1000 15:0.1000 16:0.1000 17:0.1000 18:0.1000 19:0.1000
clip run 1 8 12:0.1000 13:0.1000 14:0.1000 15:0.1000 16:0.1000 17:0.1000 18:0.1000 19:0.1000
clip dash 1 8 12:0.1000 13:0.1000 14:0.1000 15:0.1000 16:0.1000 17:0.1000 18:0.1000 19:0.1000
clip hit 0 8 20:0.0667 21:0.0667 22:0.0667 23:0.0667 24:0.0667 25:0.0667 26:0.0667 27:0.0667
clip hit_high 0 8 20:0.0667 21:0.0667 22:0.0667 23:0.0667 24:0.0667 25:0.0667 26:0.0667 27:0.0667
clip hit_low 0 8 20:0.0667 21:0.0667 22:0.0667 23:0.0667 24:0.0667 25:0.0667 26:0.0667 27:0.0667
clip recovery 0 8 20:0.0667 21:0.0667 22:0.0667 23:0.0667 24:0.0667 25:0.0667 26:0.0667 27:0.0667
clip airborne 0 1 20:0.0333
clip air 0 1 20:0.0333
clip knockdown 0 8 20:0.0333 21:0.0333 20:0.0333 28:0.0333 29:0.0333 30:0.0333 28:0.0333 31:0.0333
clip getup 0 7 32:0.0667 33:0.0667 34:0.0667 35:0.0667 36:0.0667 37:0.0667 38:0.0667
clip defeat 0 3 31:0.0333 31:0.0333 31:0.2333
clip victory 1 12 0:0.0667 1:0.0667 2:0.0667 3:0.0667 4:0.0667 5:0.0667 6:0.0667 7:0.0667 8:0.0667 9:0.0667 10:0.0667 11:0.0667
clip intro 0 1 39:0.0333
clip punch1 0 14 0:0.0667 40:0.0667 41:0.0667 42:0.0667 43:0.1000 44:0.1000 45:0.1333 46:0.0667 47:0.0667 48:0.0667 49:0.0667 50:0.0667 51:0.0667 0:0.0667
clip kick 0 15 40:0.0333 52:0.0667 53:0.0667 54:0.0667 55:0.1000 56:0.1000 57:0.1000 58:0.1000 59:0.1000 60:0.1333 61:0.0667 62:0.0667 63:0.0667 64:0.0667 0:0.0667
clip punch2 0 14 0:0.0667 40:0.0667 41:0.0667 42:0.0667 43:0.1000 44:0.1000 45:0.1333 46:0.0667 47:0.0667 48:0.0667 49:0.0667 50:0.0667 51:0.0667 0:0.0667
clip punch3 0 15 40:0.0333 52:0.0667 53:0.0667 54:0.0667 55:0.1000 56:0.1000 57:0.1000 58:0.1000 59:0.1000 60:0.1333 61:0.0667 62:0.0667 63:0.0667 64:0.0667 0:0.0667
clip atk1 0 14 0:0.0667 40:0.0667 41:0.0667 42:0.0667 43:0.1000 44:0.1000 45:0.1333 46:0.0667 47:0.0667 48:0.0667 49:0.0667 50:0.0667 51:0.0667 0:0.0667
clip atk2 0 14 0:0.0667 40:0.0667 41:0.0667 42:0.0667 43:0.1000 44:0.1000 45:0.1333 46:0.0667 47:0.0667 48:0.0667 49:0.0667 50:0.0667 51:0.0667 0:0.0667
clip atk3 0 15 40:0.0333 52:0.0667 53:0.0667 54:0.0667 55:0.1000 56:0.1000 57:0.1000 58:0.1000 59:0.1000 60:0.1333 61:0.0667 62:0.0667 63:0.0667 64:0.0667 0:0.0667
clip atk4 0 15 40:0.0333 52:0.0667 53:0.0667 54:0.0667 55:0.1000 56:0.1000 57:0.1000 58:0.1000 59:0.1000 60:0.1333 61:0.0667 62:0.0667 63:0.0667 64:0.0667 0:0.0667
clip special 0 15 40:0.0333 52:0.0667 53:0.0667 54:0.0667 55:0.1000 56:0.1000 57:0.1000 58:0.1000 59:0.1000 60:0.1333 61:0.0667 62:0.0667 63:0.0667 64:0.0667 0:0.0667
clip energy 0 15 40:0.0333 52:0.0667 53:0.0667 54:0.0667 55:0.1000 56:0.1000 57:0.1000 58:0.1000 59:0.1000 60:0.1333 61:0.0667 62:0.0667 63:0.0667 64:0.0667 0:0.0667
clip dash_attack 0 15 40:0.0333 52:0.0667 53:0.0667 54:0.0667 55:0.1000 56:0.1000 57:0.1000 58:0.1000 59:0.1000 60:0.1333 61:0.0667 62:0.0667 63:0.0667 64:0.0667 0:0.0667
clip rage_attack 0 15 40:0.0333 52:0.0667 53:0.0667 54:0.0667 55:0.1000 56:0.1000 57:0.1000 58:0.1000 59:0.1000 60:0.1333 61:0.0667 62:0.0667 63:0.0667 64:0.0667 0:0.0667
clip finisher 0 15 40:0.0333 52:0.0667 53:0.0667 54:0.0667 55:0.1000 56:0.1000 57:0.1000 58:0.1000 59:0.1000 60:0.1333 61:0.0667 62:0.0667 63:0.0667 64:0.0667 0:0.0667
clip super 0 15 40:0.0333 52:0.0667 53:0.0667 54:0.0667 55:0.1000 56:0.1000 57:0.1000 58:0.1000 59:0.1000 60:0.1333 61:0.0667 62:0.0667 63:0.0667 64:0.0667 0:0.0667
clip block 1 12 0:0.0333 1:0.0333 2:0.0333 3:0.0333 4:0.0333 5:0.0333 6:0.0333 7:0.0333 8:0.0667 9:0.0667 10:0.0667 11:0.0333
ability punch1 ATAQUE
ability kick ATAQUE 2
sound hurt sound31
sound die sound32
